{
  "cube": {
    "tag": "C02_t0553",
    "t": 553,
    "x": [
      321,
      640
    ],
    "y": [
      641,
      960
    ],
    "z": [
      321,
      640
    ]
  },
  "raw_files": {
    "velocity": "/home/idies/workspace/Storage/elenceq/mhd_work/jhtdb_mhd1024/raw/mhd1024_velocity_t0553_x321-640_y641-960_z321-640.npy",
    "magneticfield": "/home/idies/workspace/Storage/elenceq/mhd_work/jhtdb_mhd1024/raw/mhd1024_magneticfield_t0553_x321-640_y641-960_z321-640.npy"
  },
  "scales": [
    32,
    40,
    48,
    64,
    80,
    96,
    128,
    160,
    192
  ],
  "phis": [
    0.0,
    0.39269908169872414,
    0.7853981633974483,
    1.1780972450961724,
    1.5707963267948966,
    1.9634954084936207,
    2.356194490192345,
    2.748893571891069
  ],
  "top_fraction": 0.1,
  "surrogate_n_bins": 10,
  "n_sample_common_per_phi": 30000,
  "random_unsigned_3d_baseline_deg": 57.29577951308232,
  "mean_all_deg": [
    48.88915041462618,
    49.08598488477327,
    49.13633366016673,
    49.50553539779386,
    49.44303624826381,
    49.290432581335736,
    49.00871655454682,
    49.27352997244015,
    49.409010251038026
  ],
  "mean_A_deg": [
    32.5108639232932,
    31.94310122506822,
    31.655128752313846,
    31.631084117053398,
    31.167424731565973,
    31.234027973719492,
    31.906260290521924,
    33.485395952933935,
    34.393605031632255
  ],
  "mean_J_deg": [
    49.273315202258495,
    50.277100549681414,
    50.55592247018495,
    51.094438694146504,
    50.70488002459828,
    50.37332377256369,
    50.04025912254828,
    50.06575775280942,
    50.26722419927678
  ],
  "mean_all_phi_deg": [
    48.88915041462618,
    49.08598488477327,
    49.13633366016673,
    49.50553539779386,
    49.44303624826381,
    49.290432581335736,
    49.00871655454682,
    49.27352997244015,
    49.409010251038026
  ],
  "mean_A_phi_deg": [
    32.5108639232932,
    31.94310122506822,
    31.655128752313846,
    31.631084117053398,
    31.167424731565973,
    31.234027973719492,
    31.906260290521924,
    33.485395952933935,
    34.393605031632255
  ],
  "mean_J_phi_deg": [
    49.273315202258495,
    50.277100549681414,
    50.55592247018495,
    51.094438694146504,
    50.70488002459828,
    50.37332377256369,
    50.04025912254828,
    50.06575775280942,
    50.26722419927678
  ],
  "pearson_c": [
    [
      1.0,
      0.6638687726746475,
      0.4908979430699424,
      0.34488302919163905,
      0.2823921900582486,
      0.25410033909662505,
      0.2208494242793596,
      0.20261405127836102,
      0.19450792323718266
    ],
    [
      0.6638687726746475,
      1.0,
      0.6892276181023937,
      0.43667336674918533,
      0.3461127768056133,
      0.3003225616827596,
      0.25378765636809497,
      0.23226016935720806,
      0.22207552039598838
    ],
    [
      0.4908979430699424,
      0.6892276181023937,
      1.0,
      0.5507409271458582,
      0.41033226599243766,
      0.34496204751278,
      0.28343693659668856,
      0.2570385934974051,
      0.2416254484129423
    ],
    [
      0.34488302919163893,
      0.4366733667491853,
      0.5507409271458583,
      1.0,
      0.5838861848836664,
      0.44548741903289085,
      0.33986192563068846,
      0.2899816692975311,
      0.26634520483511315
    ],
    [
      0.28239219005824867,
      0.3461127768056133,
      0.41033226599243766,
      0.5838861848836664,
      1.0,
      0.6094385494574078,
      0.4082238841419228,
      0.32533957554870074,
      0.2877522911912536
    ],
    [
      0.25410033909662505,
      0.3003225616827596,
      0.3449620475127799,
      0.44548741903289085,
      0.6094385494574078,
      1.0,
      0.4987121334465185,
      0.3699998931950912,
      0.3110313547467798
    ],
    [
      0.2208494242793596,
      0.25378765636809497,
      0.28343693659668856,
      0.33986192563068846,
      0.4082238841419228,
      0.49871213344651855,
      1.0,
      0.5184590065544915,
      0.38198136497941537
    ],
    [
      0.20261405127836102,
      0.23226016935720803,
      0.25703859349740515,
      0.2899816692975311,
      0.32533957554870074,
      0.3699998931950911,
      0.5184590065544915,
      1.0,
      0.5117154275900817
    ],
    [
      0.19450792323718263,
      0.22207552039598838,
      0.24162544841294228,
      0.2663452048351132,
      0.2877522911912536,
      0.3110313547467797,
      0.38198136497941537,
      0.5117154275900816,
      1.0
    ]
  ],
  "pearson_s": [
    [
      0.9999999999999999,
      0.49683824875913013,
      0.3160679520318964,
      0.1821100500513394,
      0.12720913031858685,
      0.096669186299749,
      0.06524878052681282,
      0.05155783573620518,
      0.04477434528060172
    ],
    [
      0.49683824875913013,
      1.0,
      0.5218769323906288,
      0.25726048300574855,
      0.17325567611479892,
      0.1300671564237121,
      0.08233268411007957,
      0.06594159127290003,
      0.058496306341288835
    ],
    [
      0.3160679520318964,
      0.5218769323906288,
      1.0,
      0.35840976979480665,
      0.22265065100189102,
      0.163454102954305,
      0.10362706337682845,
      0.08116697518389933,
      0.07029915218514393
    ],
    [
      0.1821100500513394,
      0.25726048300574855,
      0.35840976979480665,
      1.0,
      0.38327605675176957,
      0.23986502375541127,
      0.13918319757618605,
      0.10057303044234403,
      0.08267939709833892
    ],
    [
      0.12720913031858685,
      0.17325567611479892,
      0.22265065100189102,
      0.38327605675176957,
      1.0,
      0.39862217465204647,
      0.1896073015254186,
      0.11710170911504736,
      0.09473521962075723
    ],
    [
      0.096669186299749,
      0.1300671564237121,
      0.163454102954305,
      0.23986502375541122,
      0.39862217465204647,
      1.0,
      0.26630557084395107,
      0.1510583729616623,
      0.10737520806913164
    ],
    [
      0.06524878052681282,
      0.08233268411007956,
      0.10362706337682846,
      0.13918319757618605,
      0.1896073015254186,
      0.26630557084395107,
      1.0,
      0.26580660757855423,
      0.14511618461311857
    ],
    [
      0.0515578357362052,
      0.06594159127290002,
      0.08116697518389933,
      0.10057303044234403,
      0.11710170911504736,
      0.1510583729616623,
      0.2658066075785543,
      1.0,
      0.25666059583180306
    ],
    [
      0.04477434528060172,
      0.058496306341288835,
      0.07029915218514393,
      0.08267939709833892,
      0.09473521962075726,
      0.10737520806913164,
      0.14511618461311857,
      0.25666059583180306,
      1.0
    ]
  ],
  "spearman_c": [
    [
      1.0,
      0.6760494963229439,
      0.5067533897895593,
      0.3585615481222906,
      0.29541683161512977,
      0.26708668959198517,
      0.23067520968958355,
      0.2127038582306154,
      0.20492381521847092
    ],
    [
      0.6760494963229439,
      1.0,
      0.702762267421347,
      0.4517046587410607,
      0.3606015350192239,
      0.3142132103189036,
      0.2659876002529862,
      0.24400466162372736,
      0.23360123096783467
    ],
    [
      0.5067533897895593,
      0.702762267421347,
      1.0,
      0.5659124170520693,
      0.42591798483596444,
      0.3607284923398094,
      0.2972093508210659,
      0.26921318330118127,
      0.25429288355165874
    ],
    [
      0.3585615481222906,
      0.4517046587410607,
      0.5659124170520693,
      1.0,
      0.5992216434343574,
      0.46201015740606677,
      0.3540210079394122,
      0.30265381858000423,
      0.27806865276090964
    ],
    [
      0.29541683161512977,
      0.3606015350192239,
      0.42591798483596444,
      0.5992216434343574,
      1.0,
      0.6232760698226956,
      0.42265302214294787,
      0.3379727938633031,
      0.2992638887939598
    ],
    [
      0.26708668959198517,
      0.3142132103189036,
      0.3607284923398094,
      0.46201015740606677,
      0.6232760698226956,
      1.0,
      0.5121827509795364,
      0.3826214390178016,
      0.32242684009786315
    ],
    [
      0.23067520968958355,
      0.2659876002529862,
      0.2972093508210659,
      0.3540210079394122,
      0.42265302214294787,
      0.5121827509795364,
      1.0,
      0.5291537284419485,
      0.3917340459012045
    ],
    [
      0.2127038582306154,
      0.24400466162372736,
      0.26921318330118127,
      0.30265381858000423,
      0.3379727938633031,
      0.3826214390178016,
      0.5291537284419485,
      1.0,
      0.520424885393861
    ],
    [
      0.20492381521847092,
      0.23360123096783467,
      0.25429288355165874,
      0.27806865276090964,
      0.2992638887939598,
      0.32242684009786315,
      0.3917340459012045,
      0.520424885393861,
      1.0
    ]
  ],
  "spearman_s": [
    [
      1.0,
      0.47643358691403725,
      0.29469670737655185,
      0.16398216254192463,
      0.11285732757267479,
      0.0839398367444887,
      0.05764815211122017,
      0.04599532036577257,
      0.03963298982898109
    ],
    [
      0.47643358691403725,
      1.0,
      0.49883377572442633,
      0.23676900366857662,
      0.15635186092061315,
      0.11424271176026968,
      0.07310672413589636,
      0.059368611659131786,
      0.05222571670258413
    ],
    [
      0.29469670737655185,
      0.49883377572442633,
      1.0,
      0.3346310269498678,
      0.2020610642466234,
      0.1442516936552241,
      0.09157744641708604,
      0.07320261218205844,
      0.06273325051687027
    ],
    [
      0.16398216254192463,
      0.23676900366857662,
      0.3346310269498678,
      1.0,
      0.3588486309818873,
      0.21643549155765052,
      0.12324717502238573,
      0.08980230178883589,
      0.07347645735264051
    ],
    [
      0.11285732757267479,
      0.15635186092061315,
      0.2020610642466234,
      0.3588486309818873,
      1.0,
      0.3725404922099339,
      0.17062373685974858,
      0.10376605822512894,
      0.08372217383030241
    ],
    [
      0.0839398367444887,
      0.11424271176026968,
      0.1442516936552241,
      0.21643549155765052,
      0.3725404922099339,
      1.0,
      0.24593155454764615,
      0.13673700883037446,
      0.095906323198507
    ],
    [
      0.05764815211122017,
      0.07310672413589636,
      0.09157744641708604,
      0.12324717502238573,
      0.17062373685974858,
      0.24593155454764615,
      1.0,
      0.24550879242417642,
      0.1286801153026446
    ],
    [
      0.04599532036577257,
      0.059368611659131786,
      0.07320261218205844,
      0.08980230178883589,
      0.10376605822512894,
      0.13673700883037446,
      0.24550879242417642,
      1.0,
      0.23801991941918876
    ],
    [
      0.03963298982898109,
      0.05222571670258413,
      0.06273325051687027,
      0.07347645735264051,
      0.08372217383030241,
      0.095906323198507,
      0.1286801153026446,
      0.23801991941918876,
      1.0
    ]
  ],
  "surrogate_summary": {
    "pearson_c": {
      "full_shuffle": {
        "mean": -0.0005619960855476967,
        "phi_values": [
          -0.0002570041477104335,
          -0.0015528458544430237,
          0.00040849685924348165,
          -0.0006930324316114874,
          -0.0006260669962632445,
          -0.0004106156510482163,
          -0.0009108179064171383,
          -0.00045408255613151147
        ]
      },
      "A_bin_shuffle": {
        "mean": 0.020448679141364366,
        "phi_values": [
          0.015340979410689733,
          0.017412494947327644,
          0.022647483098928264,
          0.023813884944143673,
          0.020266961421999175,
          0.025785823168772357,
          0.023336713911689417,
          0.014985092227364664
        ]
      },
      "j_bin_shuffle": {
        "mean": 0.0020551363902158266,
        "phi_values": [
          0.0010673575500140438,
          0.0024849052237048102,
          0.00308369747986041,
          0.002394891705638924,
          0.0027155448344171403,
          0.0020877836041897717,
          0.0021317445268756955,
          0.0004751661970258202
        ]
      }
    },
    "pearson_s": {
      "full_shuffle": {
        "mean": 0.0001894261741946373,
        "phi_values": [
          -0.000948533145934785,
          0.00067457927681354,
          0.000510741177135693,
          0.0024356887731174716,
          0.00027667553401840354,
          -0.00031596457519229306,
          -0.0009085822973014823,
          -0.00020919534909944967
        ]
      },
      "A_bin_shuffle": {
        "mean": 0.039174304567603534,
        "phi_values": [
          0.031040802338776423,
          0.03539090798983073,
          0.03464326862068564,
          0.043004024915546855,
          0.049732307094305844,
          0.04559544396711117,
          0.04003831460193752,
          0.03394936701263413
        ]
      },
      "j_bin_shuffle": {
        "mean": 0.00046037405235687545,
        "phi_values": [
          0.0006252134183186694,
          0.0011880005915622808,
          -0.0008351610344023053,
          -9.946991137098097e-05,
          0.0011095926910184213,
          -0.0004906324998585134,
          0.0011598590515083224,
          0.001025590112079109
        ]
      }
    }
  },
  "notes": {
    "processor": "self_contained_new15_random_nonoverlap_processor",
    "boundary_condition_for_increments": "periodic within cube in x/y",
    "current_density_operator": "periodic central differences on B"
  }
}