{
  "cube": {
    "tag": "C03_t0825",
    "t": 825,
    "x": [
      641,
      960
    ],
    "y": [
      641,
      960
    ],
    "z": [
      1,
      320
    ]
  },
  "raw_files": {
    "velocity": "/home/idies/workspace/Storage/elenceq/mhd_work/jhtdb_mhd1024/raw/mhd1024_velocity_t0825_x641-960_y641-960_z1-320.npy",
    "magneticfield": "/home/idies/workspace/Storage/elenceq/mhd_work/jhtdb_mhd1024/raw/mhd1024_magneticfield_t0825_x641-960_y641-960_z1-320.npy"
  },
  "scales": [
    32,
    40,
    48,
    64,
    80,
    96,
    128,
    160,
    192
  ],
  "phis": [
    0.0,
    0.39269908169872414,
    0.7853981633974483,
    1.1780972450961724,
    1.5707963267948966,
    1.9634954084936207,
    2.356194490192345,
    2.748893571891069
  ],
  "top_fraction": 0.1,
  "surrogate_n_bins": 10,
  "n_sample_common_per_phi": 30000,
  "random_unsigned_3d_baseline_deg": 57.29577951308232,
  "mean_all_deg": [
    49.86281956759791,
    50.00480466838171,
    50.05238464728294,
    49.97250368131857,
    49.918598075467195,
    49.789550570875804,
    49.62258698439268,
    50.146534921533835,
    50.857322770432056
  ],
  "mean_A_deg": [
    36.5136715964778,
    35.52129239447456,
    34.80534999440069,
    33.9881843298587,
    33.540992315618524,
    33.78756335990281,
    35.84371500671733,
    38.51289169459445,
    40.218958677091614
  ],
  "mean_J_deg": [
    50.56959164739572,
    50.67874092668231,
    50.76600525125701,
    50.90160714970196,
    50.90297900632859,
    50.837639554362326,
    50.62219887230105,
    50.98938166038396,
    51.19755206216322
  ],
  "mean_all_phi_deg": [
    49.86281956759791,
    50.00480466838171,
    50.05238464728294,
    49.97250368131857,
    49.918598075467195,
    49.789550570875804,
    49.62258698439268,
    50.146534921533835,
    50.857322770432056
  ],
  "mean_A_phi_deg": [
    36.5136715964778,
    35.52129239447456,
    34.80534999440069,
    33.9881843298587,
    33.540992315618524,
    33.78756335990281,
    35.84371500671733,
    38.51289169459445,
    40.218958677091614
  ],
  "mean_J_phi_deg": [
    50.56959164739572,
    50.67874092668231,
    50.76600525125701,
    50.90160714970196,
    50.90297900632859,
    50.837639554362326,
    50.62219887230105,
    50.98938166038396,
    51.19755206216322
  ],
  "pearson_c": [
    [
      1.0,
      0.6750394087123631,
      0.4966284715258369,
      0.3535005963646756,
      0.29157190229125013,
      0.25104745847278176,
      0.20098128479239263,
      0.1631717223368026,
      0.1379073935225821
    ],
    [
      0.6750394087123631,
      1.0,
      0.7026878656803199,
      0.4540800290190587,
      0.36173330461214864,
      0.30856872126522505,
      0.24077702140245455,
      0.19271347723318044,
      0.15583308148046474
    ],
    [
      0.4966284715258369,
      0.7026878656803199,
      1.0,
      0.5788012515535136,
      0.4354696713361322,
      0.3684421234135796,
      0.2798760128535534,
      0.22042485852821359,
      0.17409934125760865
    ],
    [
      0.35350059636467557,
      0.4540800290190587,
      0.5788012515535136,
      1.0,
      0.6160271077198572,
      0.476709997970507,
      0.35261425804862934,
      0.272458745924442,
      0.20808672648406945
    ],
    [
      0.2915719022912501,
      0.36173330461214864,
      0.4354696713361322,
      0.6160271077198572,
      1.0,
      0.6396683742905992,
      0.4237007481549775,
      0.322449494065058,
      0.240383104418103
    ],
    [
      0.25104745847278176,
      0.30856872126522505,
      0.3684421234135796,
      0.47670999797050695,
      0.6396683742905992,
      1.0,
      0.50784483173126,
      0.3749681998470893,
      0.2782063356207613
    ],
    [
      0.2009812847923926,
      0.24077702140245455,
      0.27987601285355346,
      0.35261425804862934,
      0.4237007481549775,
      0.5078448317312602,
      1.0,
      0.5026917637019416,
      0.3644033027367216
    ],
    [
      0.1631717223368026,
      0.1927134772331804,
      0.22042485852821359,
      0.2724587459244421,
      0.322449494065058,
      0.3749681998470893,
      0.5026917637019416,
      0.9999999999999999,
      0.49939317507966596
    ],
    [
      0.1379073935225821,
      0.15583308148046474,
      0.17409934125760865,
      0.20808672648406948,
      0.240383104418103,
      0.27820633562076136,
      0.3644033027367216,
      0.49939317507966596,
      1.0
    ]
  ],
  "pearson_s": [
    [
      1.0,
      0.49080354629572487,
      0.29195788739228884,
      0.16133838412715873,
      0.10931099286617527,
      0.07701545459395795,
      0.036783358486033445,
      0.01682039469626642,
      0.008102567073162828
    ],
    [
      0.4908035462957248,
      1.0,
      0.5160570349968888,
      0.23033339281985898,
      0.15244346130713682,
      0.10723840807526797,
      0.055246527577048024,
      0.028194657062158443,
      0.014263143016804942
    ],
    [
      0.29195788739228884,
      0.5160570349968888,
      1.0,
      0.3475782747891025,
      0.2072036311391898,
      0.14688672101669165,
      0.07445837585960587,
      0.036699713284129076,
      0.01635898507401943
    ],
    [
      0.16133838412715873,
      0.23033339281985898,
      0.3475782747891025,
      1.0,
      0.3861179324342921,
      0.23556655560480794,
      0.12072258136402882,
      0.06297887998773982,
      0.02968553841131912
    ],
    [
      0.10931099286617527,
      0.15244346130713685,
      0.20720363113918977,
      0.3861179324342921,
      1.0,
      0.41088107504558,
      0.17843923552743343,
      0.09316255811747196,
      0.047545280628051134
    ],
    [
      0.07701545459395795,
      0.10723840807526798,
      0.14688672101669165,
      0.2355665556048079,
      0.41088107504557997,
      1.0,
      0.25421850675346325,
      0.1322135737606151,
      0.0677315712675633
    ],
    [
      0.036783358486033445,
      0.055246527577048024,
      0.07445837585960585,
      0.1207225813640288,
      0.17843923552743343,
      0.25421850675346325,
      1.0,
      0.24392448634383282,
      0.12658385400744462
    ],
    [
      0.01682039469626642,
      0.028194657062158443,
      0.03669971328412907,
      0.06297887998773982,
      0.09316255811747196,
      0.1322135737606151,
      0.24392448634383282,
      1.0,
      0.23226055114790037
    ],
    [
      0.008102567073162828,
      0.014263143016804944,
      0.01635898507401943,
      0.02968553841131912,
      0.04754528062805113,
      0.0677315712675633,
      0.12658385400744465,
      0.23226055114790037,
      1.0
    ]
  ],
  "spearman_c": [
    [
      1.0,
      0.677996222726218,
      0.49700955461195495,
      0.35142528446313914,
      0.2899604235646782,
      0.24949246239154718,
      0.2012084349123427,
      0.16408082133486757,
      0.13878336714675926
    ],
    [
      0.677996222726218,
      1.0,
      0.7053524062620582,
      0.453594601371494,
      0.36187481372324976,
      0.3083472869909414,
      0.24174705018316334,
      0.19460877882028751,
      0.157672603740914
    ],
    [
      0.49700955461195495,
      0.7053524062620582,
      1.0,
      0.5806907112811562,
      0.43793355935181505,
      0.3705196490184107,
      0.28207353988035944,
      0.22300011612383344,
      0.17622560132686177
    ],
    [
      0.35142528446313914,
      0.453594601371494,
      0.5806907112811562,
      1.0,
      0.6207175882722973,
      0.48176796355018664,
      0.35655699234223,
      0.27650942673384377,
      0.2111977981806642
    ],
    [
      0.2899604235646782,
      0.36187481372324976,
      0.43793355935181505,
      0.6207175882722973,
      1.0,
      0.6450395522443216,
      0.4292494754344438,
      0.3269742215669158,
      0.2441830676694256
    ],
    [
      0.24949246239154718,
      0.3083472869909414,
      0.3705196490184107,
      0.48176796355018664,
      0.6450395522443216,
      1.0,
      0.5135971800797746,
      0.38016307469090344,
      0.28265573683900636
    ],
    [
      0.2012084349123427,
      0.24174705018316334,
      0.28207353988035944,
      0.35655699234223,
      0.4292494754344438,
      0.5135971800797746,
      1.0,
      0.5065942742906048,
      0.3678469055090521
    ],
    [
      0.16408082133486757,
      0.19460877882028751,
      0.22300011612383344,
      0.27650942673384377,
      0.3269742215669158,
      0.38016307469090344,
      0.5065942742906048,
      1.0,
      0.501281859771702
    ],
    [
      0.13878336714675926,
      0.157672603740914,
      0.17622560132686177,
      0.2111977981806642,
      0.2441830676694256,
      0.28265573683900636,
      0.3678469055090521,
      0.501281859771702,
      1.0
    ]
  ],
  "spearman_s": [
    [
      1.0,
      0.46726284483451425,
      0.27226692567412986,
      0.14587536293091707,
      0.09731852271907614,
      0.0664349631277055,
      0.03256119442879022,
      0.013875336349305928,
      0.004981846647757608
    ],
    [
      0.46726284483451425,
      1.0,
      0.4924476272650528,
      0.20955878631778754,
      0.13577545041219494,
      0.09393822475587581,
      0.04891268925223632,
      0.02235835013156483,
      0.009067720780686357
    ],
    [
      0.27226692567412986,
      0.4924476272650528,
      1.0,
      0.32398041845936715,
      0.18804640960844046,
      0.13107903207581004,
      0.06488249645314723,
      0.03134902964233226,
      0.012427121370030134
    ],
    [
      0.14587536293091707,
      0.20955878631778754,
      0.32398041845936715,
      1.0,
      0.3618525305941695,
      0.2148597789528442,
      0.10883498561814996,
      0.05446825462885361,
      0.023884659295871843
    ],
    [
      0.09731852271907614,
      0.13577545041219494,
      0.18804640960844046,
      0.3618525305941695,
      1.0,
      0.3865084975369538,
      0.16258853647882057,
      0.08286867514240963,
      0.041084037803871154
    ],
    [
      0.0664349631277055,
      0.09393822475587581,
      0.13107903207581004,
      0.2148597789528442,
      0.3865084975369538,
      1.0,
      0.23636028973184475,
      0.12066143558773491,
      0.060292920693269914
    ],
    [
      0.03256119442879022,
      0.04891268925223632,
      0.06488249645314723,
      0.10883498561814996,
      0.16258853647882057,
      0.23636028973184475,
      1.0,
      0.22986127351251248,
      0.11796468130340519
    ],
    [
      0.013875336349305928,
      0.02235835013156483,
      0.03134902964233226,
      0.05446825462885361,
      0.08286867514240963,
      0.12066143558773491,
      0.22986127351251248,
      1.0,
      0.22255605445800672
    ],
    [
      0.004981846647757608,
      0.009067720780686357,
      0.012427121370030134,
      0.023884659295871843,
      0.041084037803871154,
      0.060292920693269914,
      0.11796468130340519,
      0.22255605445800672,
      1.0
    ]
  ],
  "surrogate_summary": {
    "pearson_c": {
      "full_shuffle": {
        "mean": 0.000153174844877867,
        "phi_values": [
          0.0006589014226076988,
          -0.00012672359003094397,
          0.001109591336146224,
          -0.0010532886861372296,
          -6.657827850106016e-06,
          0.00013096837844799833,
          -0.0005674259176245271,
          0.0010800336434638215
        ]
      },
      "A_bin_shuffle": {
        "mean": 0.0069130581631485465,
        "phi_values": [
          0.010232398631993645,
          0.008848457174122921,
          0.0040223471686903645,
          0.006081866472861059,
          0.005165777637990217,
          0.004526619237126207,
          0.0046633273639071215,
          0.011763671618496837
        ]
      },
      "j_bin_shuffle": {
        "mean": 0.00046607352507302554,
        "phi_values": [
          0.0010534114185580205,
          -0.0008260222546985587,
          0.0006083003022046686,
          -0.0013527757141866105,
          0.0009105093692245014,
          0.000928215214578272,
          0.0013768868420806686,
          0.001030063022823242
        ]
      }
    },
    "pearson_s": {
      "full_shuffle": {
        "mean": -0.0003954814056779433,
        "phi_values": [
          0.0009036452984794768,
          -0.0015983192533577065,
          -0.0024070880705117943,
          -0.00020106479826992858,
          -0.0010519569346014884,
          -0.00042910246955282067,
          0.0010595840805383999,
          0.0005604509018523151
        ]
      },
      "A_bin_shuffle": {
        "mean": 0.02484078762467568,
        "phi_values": [
          0.023750424119966102,
          0.0237720705325081,
          0.025254415137966165,
          0.028198987912611564,
          0.025337640902551854,
          0.02645111920052112,
          0.021967995364579336,
          0.0239936478267012
        ]
      },
      "j_bin_shuffle": {
        "mean": -1.8792500983582885e-05,
        "phi_values": [
          0.0008216017679274925,
          2.5121181993149797e-05,
          0.0004641771090837868,
          -0.0005941808805866156,
          -0.0009450241360704764,
          -1.539316149535869e-05,
          4.979054879497353e-05,
          4.3567562484385056e-05
        ]
      }
    }
  },
  "notes": {
    "processor": "self_contained_new15_random_nonoverlap_processor",
    "boundary_condition_for_increments": "periodic within cube in x/y",
    "current_density_operator": "periodic central differences on B"
  }
}