{
  "cube": {
    "tag": "C04_t0217",
    "t": 217,
    "x": [
      321,
      640
    ],
    "y": [
      1,
      320
    ],
    "z": [
      641,
      960
    ]
  },
  "raw_files": {
    "velocity": "/home/idies/workspace/Storage/elenceq/mhd_work/jhtdb_mhd1024/raw/mhd1024_velocity_t0217_x321-640_y1-320_z641-960.npy",
    "magneticfield": "/home/idies/workspace/Storage/elenceq/mhd_work/jhtdb_mhd1024/raw/mhd1024_magneticfield_t0217_x321-640_y1-320_z641-960.npy"
  },
  "scales": [
    32,
    40,
    48,
    64,
    80,
    96,
    128,
    160,
    192
  ],
  "phis": [
    0.0,
    0.39269908169872414,
    0.7853981633974483,
    1.1780972450961724,
    1.5707963267948966,
    1.9634954084936207,
    2.356194490192345,
    2.748893571891069
  ],
  "top_fraction": 0.1,
  "surrogate_n_bins": 10,
  "n_sample_common_per_phi": 30000,
  "random_unsigned_3d_baseline_deg": 57.29577951308232,
  "mean_all_deg": [
    48.58836464399641,
    48.4372966949896,
    48.40058592435939,
    48.348362847974016,
    48.25250810550515,
    48.15984132158,
    48.43154241040857,
    48.865633682100494,
    48.712954680531354
  ],
  "mean_A_deg": [
    31.745350289452656,
    30.926512021644463,
    30.91423703994631,
    31.04293790566434,
    30.868947956593946,
    31.690307916768855,
    34.81316684235778,
    36.786838455688404,
    37.08041632089844
  ],
  "mean_J_deg": [
    48.80682270273781,
    49.09956164024369,
    49.00119364215398,
    48.86106107121197,
    48.919333150283705,
    48.85718803622714,
    49.050067329350426,
    49.222589432499156,
    49.60678334780083
  ],
  "mean_all_phi_deg": [
    48.58836464399641,
    48.4372966949896,
    48.40058592435939,
    48.348362847974016,
    48.25250810550515,
    48.15984132158,
    48.43154241040857,
    48.865633682100494,
    48.712954680531354
  ],
  "mean_A_phi_deg": [
    31.745350289452656,
    30.926512021644463,
    30.91423703994631,
    31.04293790566434,
    30.868947956593946,
    31.690307916768855,
    34.81316684235778,
    36.786838455688404,
    37.08041632089844
  ],
  "mean_J_phi_deg": [
    48.80682270273781,
    49.09956164024369,
    49.00119364215398,
    48.86106107121197,
    48.919333150283705,
    48.85718803622714,
    49.050067329350426,
    49.222589432499156,
    49.60678334780083
  ],
  "pearson_c": [
    [
      1.0,
      0.6846473502629455,
      0.5204218618834793,
      0.3800147390697759,
      0.31531998744252004,
      0.270083337267318,
      0.21426461074605416,
      0.19549440769292314,
      0.18816118754607872
    ],
    [
      0.6846473502629458,
      1.0,
      0.7146527607976658,
      0.47390889339589054,
      0.38290129890823305,
      0.32700204721868276,
      0.2513094786082767,
      0.21842319861367945,
      0.2095124276250837
    ],
    [
      0.5204218618834794,
      0.7146527607976658,
      1.0,
      0.5905075489107607,
      0.45109528068349125,
      0.38130890671104883,
      0.2864094133834901,
      0.242791267453395,
      0.22806687726380745
    ],
    [
      0.3800147390697759,
      0.4739088933958906,
      0.5905075489107607,
      1.0,
      0.6288872978216886,
      0.4911731844263594,
      0.353883718503205,
      0.28372655473344294,
      0.2532178626202207
    ],
    [
      0.31531998744252004,
      0.38290129890823305,
      0.45109528068349125,
      0.6288872978216886,
      1.0,
      0.6518586139834994,
      0.4349386833175197,
      0.32832189344538387,
      0.277830252682287
    ],
    [
      0.2700833372673179,
      0.32700204721868276,
      0.38130890671104883,
      0.4911731844263594,
      0.6518586139834994,
      1.0,
      0.531699980623048,
      0.38387888689408206,
      0.30459982663559093
    ],
    [
      0.21426461074605416,
      0.2513094786082767,
      0.2864094133834901,
      0.353883718503205,
      0.4349386833175197,
      0.5316999806230479,
      1.0,
      0.5398921547641564,
      0.38458973113065614
    ],
    [
      0.19549440769292314,
      0.2184231986136794,
      0.242791267453395,
      0.28372655473344294,
      0.32832189344538387,
      0.38387888689408206,
      0.5398921547641564,
      1.0,
      0.5392113686497784
    ],
    [
      0.18816118754607872,
      0.20951242762508368,
      0.22806687726380745,
      0.2532178626202207,
      0.277830252682287,
      0.30459982663559093,
      0.38458973113065614,
      0.5392113686497784,
      1.0
    ]
  ],
  "pearson_s": [
    [
      0.9999999999999999,
      0.4980197980896808,
      0.3143846385604297,
      0.1831062889361824,
      0.13086620117410497,
      0.08790279936595287,
      0.049348169061402825,
      0.032850535055746026,
      0.034717931143935246
    ],
    [
      0.4980197980896808,
      1.0,
      0.5319899049778337,
      0.26239489148240625,
      0.18154275863359395,
      0.12543448427776221,
      0.07011877181508126,
      0.04692968519386578,
      0.0409062013968684
    ],
    [
      0.3143846385604297,
      0.5319899049778337,
      1.0,
      0.371880179499546,
      0.23429157596246206,
      0.1636223782553583,
      0.0868204209992699,
      0.056127775029751664,
      0.046215704906512875
    ],
    [
      0.1831062889361824,
      0.26239489148240625,
      0.371880179499546,
      1.0,
      0.4079332480314949,
      0.2544398430679209,
      0.12566449736245852,
      0.07562232828183646,
      0.053587408912100995
    ],
    [
      0.13086620117410497,
      0.18154275863359393,
      0.23429157596246208,
      0.4079332480314949,
      1.0,
      0.4249755712754092,
      0.18718175624343494,
      0.09972259663979416,
      0.060762071249716484
    ],
    [
      0.08790279936595287,
      0.12543448427776221,
      0.1636223782553583,
      0.2544398430679209,
      0.42497557127540925,
      1.0,
      0.2764036950111463,
      0.13718054296836196,
      0.07292077976559762
    ],
    [
      0.049348169061402825,
      0.07011877181508126,
      0.0868204209992699,
      0.12566449736245852,
      0.18718175624343494,
      0.2764036950111463,
      1.0,
      0.26716385912838114,
      0.12393226954340877
    ],
    [
      0.03285053505574603,
      0.04692968519386578,
      0.056127775029751664,
      0.07562232828183646,
      0.09972259663979416,
      0.13718054296836196,
      0.2671638591283812,
      1.0,
      0.25375149146423165
    ],
    [
      0.03471793114393524,
      0.0409062013968684,
      0.046215704906512875,
      0.053587408912100995,
      0.060762071249716484,
      0.07292077976559762,
      0.12393226954340877,
      0.25375149146423165,
      1.0
    ]
  ],
  "spearman_c": [
    [
      1.0,
      0.6936663878117403,
      0.5310231447169146,
      0.3897964409906071,
      0.3249156848746841,
      0.27763836065582037,
      0.2225797653989775,
      0.2038373759570415,
      0.196518093731409
    ],
    [
      0.6936663878117403,
      1.0,
      0.7236179688360199,
      0.48495643926422927,
      0.3945903798816559,
      0.33748746106759714,
      0.2618067056859519,
      0.22868469331487187,
      0.21914768634499743
    ],
    [
      0.5310231447169146,
      0.7236179688360199,
      1.0,
      0.601047426025497,
      0.46313193642564654,
      0.39252884047303205,
      0.2979111370289568,
      0.2542008875341121,
      0.23850619174006238
    ],
    [
      0.3897964409906071,
      0.48495643926422927,
      0.601047426025497,
      1.0,
      0.6392582516323979,
      0.5025732923393592,
      0.36411911330163227,
      0.2957936163723262,
      0.2640317549102019
    ],
    [
      0.3249156848746841,
      0.3945903798816559,
      0.46313193642564654,
      0.6392582516323979,
      1.0,
      0.6603061929245069,
      0.4450270039364189,
      0.3399530709549478,
      0.28855934407462147
    ],
    [
      0.27763836065582037,
      0.33748746106759714,
      0.39252884047303205,
      0.5025732923393592,
      0.6603061929245069,
      1.0,
      0.5404314390610349,
      0.3934813999325904,
      0.31381585459557315
    ],
    [
      0.2225797653989775,
      0.2618067056859519,
      0.2979111370289568,
      0.36411911330163227,
      0.4450270039364189,
      0.5404314390610349,
      1.0,
      0.5466898212247665,
      0.3910126021274584
    ],
    [
      0.2038373759570415,
      0.22868469331487187,
      0.2542008875341121,
      0.2957936163723262,
      0.3399530709549478,
      0.3934813999325904,
      0.5466898212247665,
      1.0,
      0.5443411031634344
    ],
    [
      0.196518093731409,
      0.21914768634499743,
      0.23850619174006238,
      0.2640317549102019,
      0.28855934407462147,
      0.31381585459557315,
      0.3910126021274584,
      0.5443411031634344,
      1.0
    ]
  ],
  "spearman_s": [
    [
      1.0,
      0.4777814651329238,
      0.2934795259560884,
      0.1666505983629451,
      0.11684644765221829,
      0.07770007366838896,
      0.04260662054400736,
      0.029436786134763096,
      0.032004731420005254
    ],
    [
      0.4777814651329238,
      1.0,
      0.5094323357377026,
      0.24239336277660373,
      0.16307819559747574,
      0.11144289103921433,
      0.061449089922887876,
      0.04190286021728095,
      0.037484327963927026
    ],
    [
      0.2934795259560884,
      0.5094323357377026,
      1.0,
      0.3483765388716406,
      0.2133397565056553,
      0.14803340007792598,
      0.07449400311210445,
      0.04926593290812881,
      0.04024897539010997
    ],
    [
      0.1666505983629451,
      0.24239336277660373,
      0.3483765388716406,
      1.0,
      0.38407351963835945,
      0.2344945816261051,
      0.11064831470560924,
      0.06754236357299151,
      0.04685005993200007
    ],
    [
      0.11684644765221829,
      0.16307819559747574,
      0.2133397565056553,
      0.38407351963835945,
      1.0,
      0.40407938358281037,
      0.17134438391649373,
      0.08884364478688182,
      0.05397660982530734
    ],
    [
      0.07770007366838896,
      0.11144289103921433,
      0.14803340007792598,
      0.2344945816261051,
      0.40407938358281037,
      1.0,
      0.25803856727654284,
      0.1228825290865917,
      0.06466263664390293
    ],
    [
      0.04260662054400736,
      0.061449089922887876,
      0.07449400311210445,
      0.11064831470560924,
      0.17134438391649373,
      0.25803856727654284,
      1.0,
      0.2498757064768619,
      0.11097977100081086
    ],
    [
      0.029436786134763096,
      0.04190286021728095,
      0.04926593290812881,
      0.06754236357299151,
      0.08884364478688182,
      0.1228825290865917,
      0.2498757064768619,
      1.0,
      0.2376404301353227
    ],
    [
      0.032004731420005254,
      0.037484327963927026,
      0.04024897539010997,
      0.04685005993200007,
      0.05397660982530734,
      0.06466263664390293,
      0.11097977100081086,
      0.2376404301353227,
      1.0
    ]
  ],
  "surrogate_summary": {
    "pearson_c": {
      "full_shuffle": {
        "mean": 0.0008517565824930674,
        "phi_values": [
          0.0008495990775975759,
          0.0008443136330672118,
          0.0012914174766214268,
          9.907723302009874e-05,
          7.150011429404575e-05,
          0.0003229673737705122,
          0.0013796892951457584,
          0.0019554884564279094
        ]
      },
      "A_bin_shuffle": {
        "mean": 0.005361411400531278,
        "phi_values": [
          0.0032755965311174148,
          0.005562264426509361,
          0.005871032603642455,
          0.005944838410757716,
          0.007574399621541514,
          0.0073640220157517745,
          0.005397472167647018,
          0.0019016654272829758
        ]
      },
      "j_bin_shuffle": {
        "mean": 0.00013708785759202385,
        "phi_values": [
          0.0018997222899666132,
          0.0017105886378190648,
          0.0017654318996140393,
          -0.0019072774014074884,
          -3.72971138607242e-05,
          -0.0003187289127879897,
          -0.0011122364049824106,
          -0.0009035001336249135
        ]
      }
    },
    "pearson_s": {
      "full_shuffle": {
        "mean": 7.684276859228385e-05,
        "phi_values": [
          -0.0007321714243159561,
          -0.0013616171269753708,
          5.319115097281733e-05,
          0.0009943869820332942,
          -0.00040817357995271715,
          0.0005925140518902689,
          0.0008216278087728174,
          0.000654984286313117
        ]
      },
      "A_bin_shuffle": {
        "mean": 0.036075122733941783,
        "phi_values": [
          0.030606751361724735,
          0.03535432222077385,
          0.039954522981218404,
          0.041343136287660835,
          0.03900651968482942,
          0.037668880469303646,
          0.03631095225647736,
          0.028355896609545968
        ]
      },
      "j_bin_shuffle": {
        "mean": 0.0001706917722776987,
        "phi_values": [
          0.000893029304322041,
          -0.0017382967196810785,
          0.00106518133269132,
          -0.0001062759799001911,
          0.0001663534330839729,
          0.0006881565743730914,
          0.0016214788478661883,
          -0.0012240926145337542
        ]
      }
    }
  },
  "notes": {
    "processor": "self_contained_new15_random_nonoverlap_processor",
    "boundary_condition_for_increments": "periodic within cube in x/y",
    "current_density_operator": "periodic central differences on B"
  }
}