{
  "cube": {
    "tag": "C05_t0493",
    "t": 493,
    "x": [
      1,
      320
    ],
    "y": [
      641,
      960
    ],
    "z": [
      641,
      960
    ]
  },
  "raw_files": {
    "velocity": "/home/idies/workspace/Storage/elenceq/mhd_work/jhtdb_mhd1024/raw/mhd1024_velocity_t0493_x1-320_y641-960_z641-960.npy",
    "magneticfield": "/home/idies/workspace/Storage/elenceq/mhd_work/jhtdb_mhd1024/raw/mhd1024_magneticfield_t0493_x1-320_y641-960_z641-960.npy"
  },
  "scales": [
    32,
    40,
    48,
    64,
    80,
    96,
    128,
    160,
    192
  ],
  "phis": [
    0.0,
    0.39269908169872414,
    0.7853981633974483,
    1.1780972450961724,
    1.5707963267948966,
    1.9634954084936207,
    2.356194490192345,
    2.748893571891069
  ],
  "top_fraction": 0.1,
  "surrogate_n_bins": 10,
  "n_sample_common_per_phi": 30000,
  "random_unsigned_3d_baseline_deg": 57.29577951308232,
  "mean_all_deg": [
    49.71049018816634,
    50.11744933040074,
    50.43934505305774,
    50.98536786648662,
    51.22438567161056,
    51.35420787808443,
    50.950363366291775,
    50.74054977358814,
    50.84026099511436
  ],
  "mean_A_deg": [
    36.64088661185742,
    37.648471969583554,
    38.76919146678861,
    39.85362721380169,
    40.88103593688946,
    41.3054480899211,
    41.4757896695273,
    41.0654216320177,
    40.50661102377822
  ],
  "mean_J_deg": [
    49.77998881238174,
    50.35548142965605,
    50.78225947972856,
    51.11669106597958,
    51.65984791276647,
    51.950159660259345,
    51.74731895517296,
    51.72825182907905,
    51.551235905140985
  ],
  "mean_all_phi_deg": [
    49.71049018816634,
    50.11744933040074,
    50.43934505305774,
    50.98536786648662,
    51.22438567161056,
    51.35420787808443,
    50.950363366291775,
    50.74054977358814,
    50.84026099511436
  ],
  "mean_A_phi_deg": [
    36.64088661185742,
    37.648471969583554,
    38.76919146678861,
    39.85362721380169,
    40.88103593688946,
    41.3054480899211,
    41.4757896695273,
    41.0654216320177,
    40.50661102377822
  ],
  "mean_J_phi_deg": [
    49.77998881238174,
    50.35548142965605,
    50.78225947972856,
    51.11669106597958,
    51.65984791276647,
    51.950159660259345,
    51.74731895517296,
    51.72825182907905,
    51.551235905140985
  ],
  "pearson_c": [
    [
      1.0,
      0.6692253628687177,
      0.4882172708318988,
      0.3355611532035475,
      0.25985666636514576,
      0.22153891367464945,
      0.18107450102781847,
      0.1684969486350442,
      0.1650540280647953
    ],
    [
      0.6692253628687177,
      1.0,
      0.6950310249026996,
      0.42862318376257164,
      0.3203512861299241,
      0.2644950972936259,
      0.21133108699912587,
      0.19180647916992383,
      0.1852777949572473
    ],
    [
      0.4882172708318988,
      0.6950310249026996,
      1.0,
      0.548428612537001,
      0.38923926380096907,
      0.31058540272234364,
      0.23891023124958974,
      0.20837777754815434,
      0.19509906698065757
    ],
    [
      0.3355611532035474,
      0.4286231837625717,
      0.548428612537001,
      1.0,
      0.5761255555821043,
      0.4233782107426023,
      0.2898131278171337,
      0.24162187317739955,
      0.21809550468659225
    ],
    [
      0.25985666636514576,
      0.32035128612992403,
      0.389239263800969,
      0.5761255555821044,
      0.9999999999999999,
      0.5976367962918273,
      0.3593708507123127,
      0.27962762966757576,
      0.2431628889409551
    ],
    [
      0.22153891367464948,
      0.2644950972936259,
      0.31058540272234364,
      0.4233782107426023,
      0.5976367962918274,
      1.0,
      0.458808110404824,
      0.32588143484941606,
      0.2711391973803346
    ],
    [
      0.18107450102781847,
      0.21133108699912587,
      0.2389102312495897,
      0.2898131278171337,
      0.3593708507123127,
      0.45880811040482394,
      1.0,
      0.4864326577496598,
      0.34819854521747623
    ],
    [
      0.1684969486350442,
      0.19180647916992383,
      0.20837777754815434,
      0.24162187317739955,
      0.27962762966757576,
      0.325881434849416,
      0.4864326577496598,
      1.0,
      0.4931533274522324
    ],
    [
      0.1650540280647953,
      0.18527779495724728,
      0.19509906698065757,
      0.21809550468659225,
      0.2431628889409551,
      0.2711391973803346,
      0.34819854521747623,
      0.4931533274522324,
      1.0
    ]
  ],
  "pearson_s": [
    [
      1.0,
      0.48112032604535426,
      0.2798944605181251,
      0.13658777618188847,
      0.08390897503990269,
      0.05925943334712152,
      0.03248542913486328,
      0.029473387745766015,
      0.026671135421950945
    ],
    [
      0.4811203260453543,
      1.0,
      0.5030031206381529,
      0.20688605091098275,
      0.11969542596326678,
      0.08180965720311742,
      0.042642378763283396,
      0.03583789544203828,
      0.02895709774226073
    ],
    [
      0.2798944605181251,
      0.5030031206381529,
      0.9999999999999999,
      0.3266054318933142,
      0.17354413281007502,
      0.11057468196128889,
      0.05631350446006607,
      0.038034174599865384,
      0.03548732313526348
    ],
    [
      0.13658777618188847,
      0.20688605091098275,
      0.3266054318933142,
      1.0,
      0.3506795381306083,
      0.19127068670066708,
      0.085935566923036,
      0.057543798533120194,
      0.04767139015638902
    ],
    [
      0.08390897503990269,
      0.11969542596326677,
      0.17354413281007502,
      0.3506795381306083,
      1.0,
      0.36406059676629177,
      0.13503810597310725,
      0.07680144247874125,
      0.05932492233639571
    ],
    [
      0.05925943334712154,
      0.08180965720311742,
      0.11057468196128888,
      0.19127068670066708,
      0.36406059676629177,
      1.0,
      0.21464838803419975,
      0.10264098489142041,
      0.06850899213473366
    ],
    [
      0.03248542913486328,
      0.042642378763283396,
      0.05631350446006607,
      0.085935566923036,
      0.13503810597310725,
      0.21464838803419972,
      1.0,
      0.221597110230501,
      0.10672709591945534
    ],
    [
      0.029473387745766022,
      0.035837895442038276,
      0.038034174599865384,
      0.057543798533120194,
      0.07680144247874125,
      0.10264098489142041,
      0.22159711023050097,
      1.0,
      0.22723382026972638
    ],
    [
      0.026671135421950938,
      0.02895709774226073,
      0.03548732313526348,
      0.04767139015638902,
      0.05932492233639571,
      0.06850899213473366,
      0.10672709591945534,
      0.22723382026972638,
      1.0
    ]
  ],
  "spearman_c": [
    [
      1.0,
      0.6763499817852221,
      0.49409514161193896,
      0.33945883156489864,
      0.2636754453453616,
      0.22528553368598392,
      0.18476502878890558,
      0.171285372390706,
      0.16716737344696372
    ],
    [
      0.6763499817852221,
      1.0,
      0.7018321177450912,
      0.4335347870204276,
      0.3242766219310851,
      0.26875633362745144,
      0.2147105119609561,
      0.19416015540578904,
      0.18719295587888107
    ],
    [
      0.49409514161193896,
      0.7018321177450912,
      1.0,
      0.554095923487662,
      0.39346738493696376,
      0.31448593394570656,
      0.2424360070348733,
      0.21089614280127347,
      0.1972419100067688
    ],
    [
      0.33945883156489864,
      0.4335347870204276,
      0.554095923487662,
      1.0,
      0.5811994925792772,
      0.42711490657696094,
      0.29411670449746297,
      0.24493974169221083,
      0.22054071580726745
    ],
    [
      0.2636754453453616,
      0.3242766219310851,
      0.39346738493696376,
      0.5811994925792772,
      1.0,
      0.6016940221678823,
      0.3636168702431854,
      0.28300188959316874,
      0.2455148503333498
    ],
    [
      0.22528553368598392,
      0.26875633362745144,
      0.31448593394570656,
      0.42711490657696094,
      0.6016940221678823,
      1.0,
      0.46292422953691575,
      0.3289137318026819,
      0.27320402580556
    ],
    [
      0.18476502878890558,
      0.2147105119609561,
      0.2424360070348733,
      0.29411670449746297,
      0.3636168702431854,
      0.46292422953691575,
      1.0,
      0.48934487736293864,
      0.3514504727021116
    ],
    [
      0.171285372390706,
      0.19416015540578904,
      0.21089614280127347,
      0.24493974169221083,
      0.28300188959316874,
      0.3289137318026819,
      0.48934487736293864,
      1.0,
      0.4962711421765791
    ],
    [
      0.16716737344696372,
      0.18719295587888107,
      0.1972419100067688,
      0.22054071580726745,
      0.2455148503333498,
      0.27320402580556,
      0.3514504727021116,
      0.4962711421765791,
      1.0
    ]
  ],
  "spearman_s": [
    [
      1.0,
      0.4615158894915177,
      0.26346462559962736,
      0.12751877451624305,
      0.07722167828002408,
      0.05665376954155974,
      0.029774729066471915,
      0.02693290885170323,
      0.02484380561843756
    ],
    [
      0.4615158894915177,
      1.0,
      0.4832215958165795,
      0.19412714579964127,
      0.1100109303281788,
      0.07589635446560705,
      0.03933175561097973,
      0.03222954488608838,
      0.026602571380558413
    ],
    [
      0.26346462559962736,
      0.4832215958165795,
      1.0,
      0.3094284078441427,
      0.161778085175809,
      0.10341164457762403,
      0.05164812444799792,
      0.03491438436534931,
      0.03488279021742532
    ],
    [
      0.12751877451624305,
      0.19412714579964127,
      0.3094284078441427,
      1.0,
      0.3337850183337612,
      0.17841802992785336,
      0.07897740642491932,
      0.05401077075290085,
      0.04632085665502316
    ],
    [
      0.07722167828002408,
      0.1100109303281788,
      0.161778085175809,
      0.3337850183337612,
      1.0,
      0.3467461712896069,
      0.12656468391029407,
      0.07223273384870303,
      0.05656517411212797
    ],
    [
      0.05665376954155974,
      0.07589635446560705,
      0.10341164457762403,
      0.17841802992785336,
      0.3467461712896069,
      1.0,
      0.2004440293795489,
      0.09475895970500994,
      0.06437115829685683
    ],
    [
      0.029774729066471915,
      0.03933175561097973,
      0.05164812444799792,
      0.07897740642491932,
      0.12656468391029407,
      0.2004440293795489,
      1.0,
      0.20632026830796693,
      0.09822068186307852
    ],
    [
      0.02693290885170323,
      0.03222954488608838,
      0.03491438436534931,
      0.05401077075290085,
      0.07223273384870303,
      0.09475895970500994,
      0.20632026830796693,
      1.0,
      0.21386126193784585
    ],
    [
      0.02484380561843756,
      0.026602571380558413,
      0.03488279021742532,
      0.04632085665502316,
      0.05656517411212797,
      0.06437115829685683,
      0.09822068186307852,
      0.21386126193784585,
      1.0
    ]
  ],
  "surrogate_summary": {
    "pearson_c": {
      "full_shuffle": {
        "mean": -3.363727700200108e-05,
        "phi_values": [
          -0.0014427827004598033,
          0.0004451881686481537,
          -0.0007238069660315274,
          0.0005516135436899655,
          0.00102039758246674,
          -0.0002587121243356752,
          0.0004347244753200651,
          -0.0002957201953139272
        ]
      },
      "A_bin_shuffle": {
        "mean": 0.006698770581575203,
        "phi_values": [
          0.008411941012586134,
          0.00915226247246957,
          0.009861387746102646,
          0.005093341572126714,
          0.002545799622625822,
          0.0048076453022000585,
          0.006785696059876283,
          0.0069320908646143976
        ]
      },
      "j_bin_shuffle": {
        "mean": 0.0005118476769472091,
        "phi_values": [
          0.0022497014970597664,
          0.0016394322769431502,
          0.0008559665786496942,
          -0.0007361601700205788,
          -0.0005420309109087062,
          0.00012150176079586808,
          -0.0009465647930888238,
          0.0014529351761473027
        ]
      }
    },
    "pearson_s": {
      "full_shuffle": {
        "mean": -0.00039304322317932364,
        "phi_values": [
          0.0017006174673813421,
          2.390267421048785e-05,
          -0.0006456940766999762,
          0.0001010350302875308,
          -0.0011876057194979152,
          -0.0002715011003314523,
          -0.0025508871052321172,
          -0.00031421295555248893
        ]
      },
      "A_bin_shuffle": {
        "mean": 0.01666282276945636,
        "phi_values": [
          0.01862528442632391,
          0.014522814828957018,
          0.01461027399728881,
          0.02103994188714918,
          0.021070514801407994,
          0.01737804135188166,
          0.014014776388505509,
          0.012040934474136782
        ]
      },
      "j_bin_shuffle": {
        "mean": 4.4126837610772047e-05,
        "phi_values": [
          0.001165596463418491,
          -0.002172790277927383,
          -0.00025596930489510736,
          -0.0009122732771658564,
          -0.0002308714622118013,
          0.00036679009993831834,
          0.001879202541973589,
          0.0005133299177559258
        ]
      }
    }
  },
  "notes": {
    "processor": "self_contained_new15_random_nonoverlap_processor",
    "boundary_condition_for_increments": "periodic within cube in x/y",
    "current_density_operator": "periodic central differences on B"
  }
}