{
  "cube": {
    "tag": "C06_t0022",
    "t": 22,
    "x": [
      321,
      640
    ],
    "y": [
      641,
      960
    ],
    "z": [
      641,
      960
    ]
  },
  "raw_files": {
    "velocity": "/home/idies/workspace/Storage/elenceq/mhd_work/jhtdb_mhd1024/raw/mhd1024_velocity_t0022_x321-640_y641-960_z641-960.npy",
    "magneticfield": "/home/idies/workspace/Storage/elenceq/mhd_work/jhtdb_mhd1024/raw/mhd1024_magneticfield_t0022_x321-640_y641-960_z641-960.npy"
  },
  "scales": [
    32,
    40,
    48,
    64,
    80,
    96,
    128,
    160,
    192
  ],
  "phis": [
    0.0,
    0.39269908169872414,
    0.7853981633974483,
    1.1780972450961724,
    1.5707963267948966,
    1.9634954084936207,
    2.356194490192345,
    2.748893571891069
  ],
  "top_fraction": 0.1,
  "surrogate_n_bins": 10,
  "n_sample_common_per_phi": 30000,
  "random_unsigned_3d_baseline_deg": 57.29577951308232,
  "mean_all_deg": [
    48.32855753467934,
    48.10025198681449,
    48.06541935878215,
    47.90960317649636,
    47.898731287370566,
    47.894013251061274,
    48.08973674698777,
    48.28369073450049,
    48.56610064550368
  ],
  "mean_A_deg": [
    31.63573318842927,
    31.055460978724206,
    31.399674459767596,
    31.641433216650285,
    31.531761250466406,
    31.68312260575285,
    32.193473968843726,
    33.123294869025415,
    33.55036826640557
  ],
  "mean_J_deg": [
    47.99733136840262,
    48.38987786437705,
    48.55013179058311,
    49.07841701772784,
    49.291705361573264,
    49.41517869950551,
    49.66413821940203,
    50.17349070737642,
    50.327194934813264
  ],
  "mean_all_phi_deg": [
    48.32855753467934,
    48.10025198681449,
    48.06541935878215,
    47.90960317649636,
    47.898731287370566,
    47.894013251061274,
    48.08973674698777,
    48.28369073450049,
    48.56610064550368
  ],
  "mean_A_phi_deg": [
    31.63573318842927,
    31.055460978724206,
    31.399674459767596,
    31.641433216650285,
    31.531761250466406,
    31.68312260575285,
    32.193473968843726,
    33.123294869025415,
    33.55036826640557
  ],
  "mean_J_phi_deg": [
    47.99733136840262,
    48.38987786437705,
    48.55013179058311,
    49.07841701772784,
    49.291705361573264,
    49.41517869950551,
    49.66413821940203,
    50.17349070737642,
    50.327194934813264
  ],
  "pearson_c": [
    [
      1.0,
      0.6806435519791701,
      0.5086061773287491,
      0.36504708877318054,
      0.30272530044335516,
      0.26426370484818656,
      0.21331822583889176,
      0.19087613339421564,
      0.1735733120592822
    ],
    [
      0.6806435519791701,
      1.0,
      0.7087028872764356,
      0.45632282810527514,
      0.36378005374286276,
      0.31469414546589747,
      0.25682915726111566,
      0.22170796564115564,
      0.1984087556197635
    ],
    [
      0.5086061773287491,
      0.7087028872764356,
      0.9999999999999999,
      0.5732341986078964,
      0.43405851069191725,
      0.36870400093212297,
      0.29494622733706793,
      0.24748272077422365,
      0.22447176500225038
    ],
    [
      0.3650470887731805,
      0.4563228281052751,
      0.5732341986078964,
      1.0,
      0.6129909540077055,
      0.481571501628718,
      0.3649459732751666,
      0.29530076260267,
      0.2602754300825522
    ],
    [
      0.3027253004433552,
      0.3637800537428628,
      0.43405851069191725,
      0.6129909540077055,
      0.9999999999999999,
      0.6451142699337529,
      0.44326599260393956,
      0.3477371397270237,
      0.28918876992923026
    ],
    [
      0.2642637048481866,
      0.31469414546589747,
      0.3687040009321229,
      0.481571501628718,
      0.6451142699337529,
      1.0,
      0.5352631315552803,
      0.40369666781333974,
      0.3195233235841653
    ],
    [
      0.21331822583889176,
      0.25682915726111566,
      0.29494622733706793,
      0.36494597327516654,
      0.4432659926039396,
      0.5352631315552803,
      1.0,
      0.5483982366058431,
      0.4120272938748204
    ],
    [
      0.19087613339421564,
      0.22170796564115564,
      0.24748272077422367,
      0.29530076260267,
      0.3477371397270237,
      0.40369666781333974,
      0.5483982366058431,
      1.0,
      0.5534667773692978
    ],
    [
      0.1735733120592822,
      0.1984087556197635,
      0.22447176500225036,
      0.2602754300825522,
      0.28918876992923026,
      0.3195233235841653,
      0.4120272938748203,
      0.5534667773692978,
      1.0
    ]
  ],
  "pearson_s": [
    [
      1.0,
      0.5375800944441909,
      0.35235134091850834,
      0.2174742359883001,
      0.15885365398098547,
      0.12470126227845786,
      0.08533898988658238,
      0.059810609867065996,
      0.047695417440004446
    ],
    [
      0.5375800944441909,
      1.0,
      0.5712283155345347,
      0.30160706968209977,
      0.20883227616882125,
      0.1621123273131801,
      0.11028413558271691,
      0.07831273671091707,
      0.060310808124396764
    ],
    [
      0.35235134091850834,
      0.5712283155345347,
      1.0,
      0.41264461483106474,
      0.26718293858788406,
      0.20232500481653115,
      0.1346153657963012,
      0.09531280688962018,
      0.07517445285887242
    ],
    [
      0.2174742359883001,
      0.30160706968209977,
      0.4126446148310648,
      1.0,
      0.4412694609394106,
      0.2967385023835307,
      0.17998096612573375,
      0.12325398745708731,
      0.0981376002147774
    ],
    [
      0.15885365398098547,
      0.20883227616882127,
      0.26718293858788406,
      0.4412694609394106,
      1.0,
      0.4614738882399166,
      0.23035796405993933,
      0.1464455838418147,
      0.10688804922925678
    ],
    [
      0.12470126227845788,
      0.1621123273131801,
      0.20232500481653115,
      0.2967385023835307,
      0.4614738882399166,
      1.0,
      0.3181995953138042,
      0.17995201259674654,
      0.11652443711055231
    ],
    [
      0.08533898988658238,
      0.11028413558271691,
      0.1346153657963012,
      0.17998096612573375,
      0.23035796405993936,
      0.3181995953138042,
      1.0,
      0.3129821817558387,
      0.1863243576902418
    ],
    [
      0.059810609867065996,
      0.07831273671091706,
      0.09531280688962018,
      0.12325398745708731,
      0.14644558384181466,
      0.17995201259674654,
      0.3129821817558387,
      1.0,
      0.3134641805712862
    ],
    [
      0.047695417440004446,
      0.06031080812439675,
      0.07517445285887242,
      0.0981376002147774,
      0.10688804922925679,
      0.11652443711055231,
      0.1863243576902418,
      0.3134641805712862,
      1.0
    ]
  ],
  "spearman_c": [
    [
      1.0,
      0.6932944165644381,
      0.5230950941727168,
      0.38068052491375615,
      0.31640713944856347,
      0.2767954522269949,
      0.2237859499585955,
      0.19693565107131739,
      0.17861820335274245
    ],
    [
      0.6932944165644381,
      1.0,
      0.7202199961900221,
      0.47389999908172226,
      0.38007802325853113,
      0.329496790364552,
      0.26858924873965473,
      0.2290791772021435,
      0.2051794090312549
    ],
    [
      0.5230950941727168,
      0.7202199961900221,
      1.0,
      0.5884406825396007,
      0.4496272942328081,
      0.3831797272076441,
      0.30638394648670436,
      0.25473940598504374,
      0.2299588456912321
    ],
    [
      0.38068052491375615,
      0.47389999908172226,
      0.5884406825396007,
      1.0,
      0.6270469885611076,
      0.495727816338642,
      0.3748679157660755,
      0.3030816111661462,
      0.26655500829295
    ],
    [
      0.31640713944856347,
      0.38007802325853113,
      0.4496272942328081,
      0.6270469885611076,
      1.0,
      0.6553272200516969,
      0.45092557931230615,
      0.3540999838386667,
      0.2955534920038372
    ],
    [
      0.2767954522269949,
      0.329496790364552,
      0.3831797272076441,
      0.495727816338642,
      0.6553272200516969,
      1.0,
      0.5426817155997574,
      0.4075538112073931,
      0.32392382107663753
    ],
    [
      0.2237859499585955,
      0.26858924873965473,
      0.30638394648670436,
      0.3748679157660755,
      0.45092557931230615,
      0.5426817155997574,
      1.0,
      0.5554836079016484,
      0.41718102543158997
    ],
    [
      0.19693565107131739,
      0.2290791772021435,
      0.25473940598504374,
      0.3030816111661462,
      0.3540999838386667,
      0.4075538112073931,
      0.5554836079016484,
      1.0,
      0.5600512784735014
    ],
    [
      0.17861820335274245,
      0.2051794090312549,
      0.2299588456912321,
      0.26655500829295,
      0.2955534920038372,
      0.32392382107663753,
      0.41718102543158997,
      0.5600512784735014,
      1.0
    ]
  ],
  "spearman_s": [
    [
      1.0,
      0.5193983967430538,
      0.335457289884397,
      0.20365475533917196,
      0.1468437989887709,
      0.11573155394764617,
      0.07771185289701317,
      0.0548734944615261,
      0.04285624252934026
    ],
    [
      0.5193983967430538,
      1.0,
      0.554586535792985,
      0.28508707877004125,
      0.19574790116660876,
      0.15118470628287187,
      0.10248453020776059,
      0.0721249151865277,
      0.05428939728137711
    ],
    [
      0.335457289884397,
      0.554586535792985,
      1.0,
      0.39594844893994274,
      0.25293439986398264,
      0.19127147157013497,
      0.12520852765117613,
      0.08902945279653271,
      0.06836278056740308
    ],
    [
      0.20365475533917196,
      0.28508707877004125,
      0.39594844893994274,
      1.0,
      0.42457270125141405,
      0.2821806055079784,
      0.16881318226395908,
      0.11563677028087418,
      0.09107575649913972
    ],
    [
      0.1468437989887709,
      0.19574790116660876,
      0.25293439986398264,
      0.42457270125141405,
      1.0,
      0.4450414032731571,
      0.21637162472896845,
      0.13765501786406112,
      0.09878992144065546
    ],
    [
      0.11573155394764617,
      0.15118470628287187,
      0.19127147157013497,
      0.2821806055079784,
      0.4450414032731571,
      1.0,
      0.30415982819178866,
      0.17004086810082317,
      0.10986492356296103
    ],
    [
      0.07771185289701317,
      0.10248453020776059,
      0.12520852765117613,
      0.16881318226395908,
      0.21637162472896845,
      0.30415982819178866,
      1.0,
      0.29911705050263004,
      0.17437607968791785
    ],
    [
      0.0548734944615261,
      0.0721249151865277,
      0.08902945279653271,
      0.11563677028087418,
      0.13765501786406112,
      0.17004086810082317,
      0.29911705050263004,
      1.0,
      0.30083065949714516
    ],
    [
      0.04285624252934026,
      0.05428939728137711,
      0.06836278056740308,
      0.09107575649913972,
      0.09878992144065546,
      0.10986492356296103,
      0.17437607968791785,
      0.30083065949714516,
      1.0
    ]
  ],
  "surrogate_summary": {
    "pearson_c": {
      "full_shuffle": {
        "mean": -8.797228029325217e-05,
        "phi_values": [
          -0.0006164615920377173,
          -0.000575897143068386,
          -6.621517990553525e-05,
          -0.00033910713366731176,
          0.0003034029106266953,
          0.0007494779747094952,
          -0.0006740377914843461,
          0.0005150597124810885
        ]
      },
      "A_bin_shuffle": {
        "mean": 0.03181294804181327,
        "phi_values": [
          0.03036201709320593,
          0.03523785600620349,
          0.0391192742923214,
          0.03381744869107188,
          0.028708091053342884,
          0.030317296321829595,
          0.028862040312339427,
          0.028079560564191555
        ]
      },
      "j_bin_shuffle": {
        "mean": 0.00097985906800716,
        "phi_values": [
          -4.6484822969966475e-06,
          0.0003610252444051158,
          0.001798946146428391,
          0.0008033582993015821,
          0.0013334813642930429,
          0.0017651651838184314,
          0.0003093992584351906,
          0.0014721455296725244
        ]
      }
    },
    "pearson_s": {
      "full_shuffle": {
        "mean": 0.0005325649166904247,
        "phi_values": [
          0.0014831393624547945,
          0.0033775039113449804,
          0.0010485320512909633,
          0.0003582025706521381,
          -0.0005625588393523168,
          -0.0008090891330086301,
          0.00019757222884168163,
          -0.0008327828187002146
        ]
      },
      "A_bin_shuffle": {
        "mean": 0.03928367247534492,
        "phi_values": [
          0.03602789347939228,
          0.04020637417530773,
          0.04570128817671967,
          0.04598823304410828,
          0.0459707089593165,
          0.038539680221618605,
          0.03319201776899152,
          0.028643183977304736
        ]
      },
      "j_bin_shuffle": {
        "mean": 0.000849143648017443,
        "phi_values": [
          0.0012761209359765926,
          0.0014385445195666331,
          -0.001265626365552862,
          -0.0006969698500181699,
          0.0007699118624670165,
          0.0010567316258404391,
          0.0021268390998707507,
          0.0020875973559891436
        ]
      }
    }
  },
  "notes": {
    "processor": "self_contained_new15_random_nonoverlap_processor",
    "boundary_condition_for_increments": "periodic within cube in x/y",
    "current_density_operator": "periodic central differences on B"
  }
}