{
  "cube": {
    "tag": "C07_t0292",
    "t": 292,
    "x": [
      641,
      960
    ],
    "y": [
      321,
      640
    ],
    "z": [
      641,
      960
    ]
  },
  "raw_files": {
    "velocity": "/home/idies/workspace/Storage/elenceq/mhd_work/jhtdb_mhd1024/raw/mhd1024_velocity_t0292_x641-960_y321-640_z641-960.npy",
    "magneticfield": "/home/idies/workspace/Storage/elenceq/mhd_work/jhtdb_mhd1024/raw/mhd1024_magneticfield_t0292_x641-960_y321-640_z641-960.npy"
  },
  "scales": [
    32,
    40,
    48,
    64,
    80,
    96,
    128,
    160,
    192
  ],
  "phis": [
    0.0,
    0.39269908169872414,
    0.7853981633974483,
    1.1780972450961724,
    1.5707963267948966,
    1.9634954084936207,
    2.356194490192345,
    2.748893571891069
  ],
  "top_fraction": 0.1,
  "surrogate_n_bins": 10,
  "n_sample_common_per_phi": 30000,
  "random_unsigned_3d_baseline_deg": 57.29577951308232,
  "mean_all_deg": [
    49.57384399263888,
    49.75968024241502,
    49.92745060967443,
    50.03174110720213,
    50.14262393110621,
    50.081502469879716,
    50.78421586066657,
    51.075495777148326,
    51.099651065518
  ],
  "mean_A_deg": [
    34.76657941143813,
    35.43134185576609,
    36.38496049435139,
    37.15765455524818,
    38.1586496846399,
    38.86304891438232,
    40.00197810496744,
    41.17735595593238,
    42.09998759713804
  ],
  "mean_J_deg": [
    49.378092013764146,
    50.19532298452845,
    50.58567711581583,
    51.39457581706611,
    51.77029037488968,
    51.46019190084866,
    51.81437000054916,
    51.99422997428278,
    52.148864414260736
  ],
  "mean_all_phi_deg": [
    49.57384399263888,
    49.75968024241502,
    49.92745060967443,
    50.03174110720213,
    50.14262393110621,
    50.081502469879716,
    50.78421586066657,
    51.075495777148326,
    51.099651065518
  ],
  "mean_A_phi_deg": [
    34.76657941143813,
    35.43134185576609,
    36.38496049435139,
    37.15765455524818,
    38.1586496846399,
    38.86304891438232,
    40.00197810496744,
    41.17735595593238,
    42.09998759713804
  ],
  "mean_J_phi_deg": [
    49.378092013764146,
    50.19532298452845,
    50.58567711581583,
    51.39457581706611,
    51.77029037488968,
    51.46019190084866,
    51.81437000054916,
    51.99422997428278,
    52.148864414260736
  ],
  "pearson_c": [
    [
      1.0,
      0.6592684537967544,
      0.4826522665046058,
      0.33853651812801605,
      0.27492424840252216,
      0.2383868346447597,
      0.19486573202061097,
      0.17033110273219165,
      0.14884699746585023
    ],
    [
      0.6592684537967544,
      1.0,
      0.6850609997469601,
      0.427836168544931,
      0.33996643983170904,
      0.2880823788062642,
      0.23218272125477313,
      0.19725430035245234,
      0.1707848604806286
    ],
    [
      0.48265226650460574,
      0.6850609997469601,
      1.0,
      0.5439217531908164,
      0.40920463665039297,
      0.34046438669532625,
      0.26919213479682713,
      0.22395615099442095,
      0.18866601857718235
    ],
    [
      0.33853651812801605,
      0.427836168544931,
      0.5439217531908164,
      1.0,
      0.5877645732205292,
      0.45441266414868675,
      0.33771609538335806,
      0.2750359324639117,
      0.22617917222492767
    ],
    [
      0.27492424840252216,
      0.339966439831709,
      0.40920463665039297,
      0.5877645732205293,
      1.0,
      0.6187670048161048,
      0.40880383341606025,
      0.32030809835873436,
      0.2598285542671679
    ],
    [
      0.2383868346447597,
      0.28808237880626414,
      0.34046438669532625,
      0.4544126641486867,
      0.6187670048161048,
      1.0,
      0.4919699679599988,
      0.3684282508322442,
      0.28835764523949287
    ],
    [
      0.19486573202061097,
      0.23218272125477313,
      0.26919213479682713,
      0.33771609538335806,
      0.40880383341606025,
      0.49196996795999887,
      1.0,
      0.5027629538150885,
      0.36582358303722684
    ],
    [
      0.17033110273219165,
      0.1972543003524523,
      0.22395615099442095,
      0.2750359324639118,
      0.3203080983587343,
      0.3684282508322442,
      0.5027629538150885,
      1.0,
      0.5016380584866245
    ],
    [
      0.14884699746585023,
      0.1707848604806286,
      0.18866601857718238,
      0.22617917222492767,
      0.2598285542671679,
      0.28835764523949287,
      0.36582358303722684,
      0.5016380584866245,
      0.9999999999999999
    ]
  ],
  "pearson_s": [
    [
      0.9999999999999999,
      0.49008772791347494,
      0.2989002838330052,
      0.1657696008102893,
      0.11527176000325877,
      0.0793927619367098,
      0.04718171323266007,
      0.03719230042420893,
      0.035062833035471246
    ],
    [
      0.49008772791347494,
      1.0,
      0.514345935631869,
      0.23582812341915066,
      0.14891893315875215,
      0.10192867385944583,
      0.059089379792561104,
      0.041346330774322905,
      0.03893023437826097
    ],
    [
      0.2989002838330052,
      0.514345935631869,
      1.0,
      0.346942804693215,
      0.2009994635997966,
      0.13395547696584248,
      0.07283188721367463,
      0.04833678619039326,
      0.04030571326842102
    ],
    [
      0.1657696008102893,
      0.2358281234191506,
      0.346942804693215,
      1.0,
      0.3759530959552409,
      0.21927665850494016,
      0.10769778367098728,
      0.06981767901922034,
      0.052014360917974366
    ],
    [
      0.11527176000325877,
      0.14891893315875215,
      0.20099946359979654,
      0.3759530959552409,
      1.0,
      0.39079906017913646,
      0.16044534512231395,
      0.09282331121616702,
      0.06750142024717835
    ],
    [
      0.0793927619367098,
      0.10192867385944582,
      0.13395547696584248,
      0.21927665850494016,
      0.39079906017913646,
      1.0,
      0.234712585141993,
      0.12141712649904932,
      0.07460636301966994
    ],
    [
      0.04718171323266007,
      0.059089379792561104,
      0.07283188721367463,
      0.10769778367098728,
      0.16044534512231395,
      0.234712585141993,
      1.0,
      0.23921773091677906,
      0.12619407118731124
    ],
    [
      0.03719230042420893,
      0.041346330774322905,
      0.04833678619039326,
      0.06981767901922034,
      0.092823311216167,
      0.12141712649904933,
      0.23921773091677906,
      1.0,
      0.24279776832203606
    ],
    [
      0.035062833035471246,
      0.03893023437826097,
      0.04030571326842102,
      0.052014360917974366,
      0.06750142024717835,
      0.07460636301966994,
      0.12619407118731124,
      0.24279776832203606,
      1.0
    ]
  ],
  "spearman_c": [
    [
      1.0,
      0.6684705170916894,
      0.48943053244703394,
      0.34298626626115136,
      0.2766044103684493,
      0.23830431907233812,
      0.19563649589048498,
      0.1714443320422159,
      0.15171387241623763
    ],
    [
      0.6684705170916894,
      1.0,
      0.6920443154967715,
      0.431830758231923,
      0.3412414121112126,
      0.2874160151695733,
      0.2318345538464828,
      0.19662984788331095,
      0.17283301843153667
    ],
    [
      0.48943053244703394,
      0.6920443154967715,
      1.0,
      0.5482420817888245,
      0.4099616796589019,
      0.3390707760570786,
      0.26804507525116117,
      0.2220210655734123,
      0.1895199264996888
    ],
    [
      0.34298626626115136,
      0.431830758231923,
      0.5482420817888245,
      1.0,
      0.5907551343570057,
      0.45360858264378734,
      0.3361427311992141,
      0.27309677154805195,
      0.22687585812969535
    ],
    [
      0.2766044103684493,
      0.3412414121112126,
      0.4099616796589019,
      0.5907551343570057,
      1.0,
      0.6208709309759676,
      0.40882244971152487,
      0.3193927178267697,
      0.26019059949832285
    ],
    [
      0.23830431907233812,
      0.2874160151695733,
      0.3390707760570786,
      0.45360858264378734,
      0.6208709309759676,
      1.0,
      0.49229146151232384,
      0.368230980203201,
      0.2887633688756259
    ],
    [
      0.19563649589048498,
      0.2318345538464828,
      0.26804507525116117,
      0.3361427311992141,
      0.40882244971152487,
      0.49229146151232384,
      1.0,
      0.5045339515559265,
      0.366629740473033
    ],
    [
      0.1714443320422159,
      0.19662984788331095,
      0.2220210655734123,
      0.27309677154805195,
      0.3193927178267697,
      0.368230980203201,
      0.5045339515559265,
      1.0,
      0.5039569611430077
    ],
    [
      0.15171387241623763,
      0.17283301843153667,
      0.1895199264996888,
      0.22687585812969535,
      0.26019059949832285,
      0.2887633688756259,
      0.366629740473033,
      0.5039569611430077,
      1.0
    ]
  ],
  "spearman_s": [
    [
      1.0,
      0.4679194212007993,
      0.2809779585346977,
      0.1545805722082006,
      0.10752110230913457,
      0.07334162277749069,
      0.04321659546190733,
      0.03496320806162578,
      0.03330078789972309
    ],
    [
      0.4679194212007993,
      1.0,
      0.4932470201451078,
      0.22053244062420269,
      0.13966272460773632,
      0.09487649543752942,
      0.05466255618673617,
      0.03839771756171968,
      0.035732277304202524
    ],
    [
      0.2809779585346977,
      0.4932470201451078,
      1.0,
      0.32785746574400826,
      0.1874419513810466,
      0.12679177564326863,
      0.06637101140946779,
      0.04400701019528557,
      0.03741984272141093
    ],
    [
      0.1545805722082006,
      0.22053244062420269,
      0.32785746574400826,
      1.0,
      0.3591337419197597,
      0.20843093661503437,
      0.10061421164579357,
      0.06364143879449048,
      0.04998061889592291
    ],
    [
      0.10752110230913457,
      0.13966272460773632,
      0.1874419513810466,
      0.3591337419197597,
      1.0,
      0.37401420899118243,
      0.15010053643838947,
      0.0845946335422718,
      0.06353314664220348
    ],
    [
      0.07334162277749069,
      0.09487649543752942,
      0.12679177564326863,
      0.20843093661503437,
      0.37401420899118243,
      1.0,
      0.22170454451222726,
      0.11125605894595116,
      0.06877821617947578
    ],
    [
      0.04321659546190733,
      0.05466255618673617,
      0.06637101140946779,
      0.10061421164579357,
      0.15010053643838947,
      0.22170454451222726,
      1.0,
      0.22621984818146645,
      0.11619965511744405
    ],
    [
      0.03496320806162578,
      0.03839771756171968,
      0.04400701019528557,
      0.06364143879449048,
      0.0845946335422718,
      0.11125605894595116,
      0.22621984818146645,
      1.0,
      0.230977870781031
    ],
    [
      0.03330078789972309,
      0.035732277304202524,
      0.03741984272141093,
      0.04998061889592291,
      0.06353314664220348,
      0.06877821617947578,
      0.11619965511744405,
      0.230977870781031,
      1.0
    ]
  ],
  "surrogate_summary": {
    "pearson_c": {
      "full_shuffle": {
        "mean": -0.0003181245223314377,
        "phi_values": [
          0.00012781838820990002,
          0.0011794022866542014,
          -0.000881444348075447,
          -0.0006390378083370833,
          0.00038725443317400027,
          -0.00037516129041300744,
          -0.0008771012518360953,
          -0.0014667265880279699
        ]
      },
      "A_bin_shuffle": {
        "mean": 0.011167076457194166,
        "phi_values": [
          0.01457824268920618,
          0.014618490087381595,
          0.01391203370396455,
          0.011457274937605446,
          0.004263320409491937,
          0.006195230329362895,
          0.009611587925240011,
          0.014700431575300701
        ]
      },
      "j_bin_shuffle": {
        "mean": 0.0006414405478734052,
        "phi_values": [
          0.0009986103943731835,
          0.0015799389591696549,
          0.0007456298818667426,
          0.00010941500560337275,
          0.0015235849842126514,
          0.001030786180444932,
          -0.0003936691534138391,
          -0.0004627718692694562
        ]
      }
    },
    "pearson_s": {
      "full_shuffle": {
        "mean": 0.00038721166066386383,
        "phi_values": [
          -7.199334554402498e-05,
          0.0007289190180835088,
          -0.0007107278430959138,
          0.001750852613130612,
          0.00020910469360226454,
          0.0017324700580215388,
          0.0007156495361850164,
          -0.001256581445072091
        ]
      },
      "A_bin_shuffle": {
        "mean": 0.019461417189217893,
        "phi_values": [
          0.018922231732129105,
          0.015193789069825556,
          0.019666408971830057,
          0.02299458473690584,
          0.024560428663921934,
          0.019872755804318253,
          0.017114103687329504,
          0.017367034847482893
        ]
      },
      "j_bin_shuffle": {
        "mean": -0.00015304508402804302,
        "phi_values": [
          -0.0002504236165582312,
          0.00035541114360999556,
          -5.2759393702856836e-05,
          -7.373697432603381e-05,
          -0.0008016604472189227,
          -0.0014226860390541387,
          0.0008153078209240641,
          0.0002061868341017792
        ]
      }
    }
  },
  "notes": {
    "processor": "self_contained_new15_random_nonoverlap_processor",
    "boundary_condition_for_increments": "periodic within cube in x/y",
    "current_density_operator": "periodic central differences on B"
  }
}