{
  "cube": {
    "tag": "C09_t0699",
    "t": 699,
    "x": [
      1,
      320
    ],
    "y": [
      321,
      640
    ],
    "z": [
      1,
      320
    ]
  },
  "raw_files": {
    "velocity": "/home/idies/workspace/Storage/elenceq/mhd_work/jhtdb_mhd1024/raw/mhd1024_velocity_t0699_x1-320_y321-640_z1-320.npy",
    "magneticfield": "/home/idies/workspace/Storage/elenceq/mhd_work/jhtdb_mhd1024/raw/mhd1024_magneticfield_t0699_x1-320_y321-640_z1-320.npy"
  },
  "scales": [
    32,
    40,
    48,
    64,
    80,
    96,
    128,
    160,
    192
  ],
  "phis": [
    0.0,
    0.39269908169872414,
    0.7853981633974483,
    1.1780972450961724,
    1.5707963267948966,
    1.9634954084936207,
    2.356194490192345,
    2.748893571891069
  ],
  "top_fraction": 0.1,
  "surrogate_n_bins": 10,
  "n_sample_common_per_phi": 30000,
  "random_unsigned_3d_baseline_deg": 57.29577951308232,
  "mean_all_deg": [
    49.75972385673452,
    49.694913427725886,
    49.58507864831091,
    49.20320191117282,
    48.84293302895196,
    48.455098160275206,
    47.635557130987344,
    47.586710791366635,
    48.57289997025396
  ],
  "mean_A_deg": [
    32.15117590552788,
    31.398355681075255,
    31.132814950860247,
    31.24985844406442,
    31.697472024298,
    31.94034215931569,
    32.839183905229156,
    34.63142155719568,
    36.282301000104475
  ],
  "mean_J_deg": [
    49.28631294385811,
    49.50311613777736,
    49.65907687564805,
    49.544040792855775,
    49.45572907623834,
    49.25972191728292,
    48.57108421438784,
    48.534957391409506,
    49.29105876329571
  ],
  "mean_all_phi_deg": [
    49.75972385673452,
    49.694913427725886,
    49.58507864831091,
    49.20320191117282,
    48.84293302895196,
    48.455098160275206,
    47.635557130987344,
    47.586710791366635,
    48.57289997025396
  ],
  "mean_A_phi_deg": [
    32.15117590552788,
    31.398355681075255,
    31.132814950860247,
    31.24985844406442,
    31.697472024298,
    31.94034215931569,
    32.839183905229156,
    34.63142155719568,
    36.282301000104475
  ],
  "mean_J_phi_deg": [
    49.28631294385811,
    49.50311613777736,
    49.65907687564805,
    49.544040792855775,
    49.45572907623834,
    49.25972191728292,
    48.57108421438784,
    48.534957391409506,
    49.29105876329571
  ],
  "pearson_c": [
    [
      1.0,
      0.6999795076179192,
      0.5379434892834387,
      0.39201721875110795,
      0.3231485276429892,
      0.28051117380046586,
      0.20895976423039758,
      0.17061420198668006,
      0.16538923545419443
    ],
    [
      0.6999795076179192,
      1.0,
      0.7281416171253074,
      0.4857908479776114,
      0.3864356726617942,
      0.33013663767834145,
      0.2491693519693546,
      0.19417973449303938,
      0.18329380387485278
    ],
    [
      0.5379434892834387,
      0.7281416171253072,
      1.0,
      0.5988335860808657,
      0.45291349365606826,
      0.37723339623233937,
      0.28509741716176407,
      0.21891110534064695,
      0.20028002172256462
    ],
    [
      0.39201721875110795,
      0.4857908479776114,
      0.5988335860808656,
      1.0,
      0.6304214986343656,
      0.4827506178989558,
      0.3501788057445767,
      0.26708050122787774,
      0.22680676348177214
    ],
    [
      0.3231485276429892,
      0.38643567266179407,
      0.45291349365606826,
      0.6304214986343655,
      1.0,
      0.6466465843993516,
      0.41987186101055707,
      0.31250256573137447,
      0.24763366929562902
    ],
    [
      0.2805111738004659,
      0.33013663767834145,
      0.37723339623233937,
      0.4827506178989558,
      0.6466465843993516,
      1.0,
      0.5150956154676825,
      0.3683401930609306,
      0.27893303026484895
    ],
    [
      0.20895976423039758,
      0.2491693519693546,
      0.28509741716176407,
      0.3501788057445767,
      0.419871861010557,
      0.5150956154676825,
      1.0,
      0.5246706725675737,
      0.3599358862497373
    ],
    [
      0.17061420198668006,
      0.19417973449303938,
      0.21891110534064695,
      0.26708050122787774,
      0.3125025657313744,
      0.3683401930609305,
      0.5246706725675737,
      1.0,
      0.5125420325216619
    ],
    [
      0.16538923545419446,
      0.18329380387485278,
      0.2002800217225646,
      0.22680676348177214,
      0.24763366929562902,
      0.27893303026484895,
      0.3599358862497373,
      0.5125420325216619,
      1.0
    ]
  ],
  "pearson_s": [
    [
      1.0,
      0.5074617800053837,
      0.3168998388238756,
      0.1766537311910551,
      0.11820359016372436,
      0.07977514879591327,
      0.036612828248331716,
      0.012706975253547347,
      0.01239576153577307
    ],
    [
      0.5074617800053838,
      1.0,
      0.5329595615257734,
      0.2498694968685062,
      0.15981867509784076,
      0.10831892728576788,
      0.05227806230884239,
      0.02290114935564427,
      0.017285242348523123
    ],
    [
      0.3168998388238756,
      0.5329595615257733,
      1.0,
      0.3611364803968018,
      0.20985941789248935,
      0.14205364410610438,
      0.07444958224496684,
      0.03395544741499397,
      0.02628011131160713
    ],
    [
      0.1766537311910551,
      0.24986949686850626,
      0.3611364803968018,
      1.0,
      0.39579089975368253,
      0.23560325848151303,
      0.1190120493514419,
      0.06283343478837101,
      0.03828468799764874
    ],
    [
      0.11820359016372436,
      0.15981867509784076,
      0.20985941789248932,
      0.3957908997536825,
      1.0,
      0.41362899877004905,
      0.17531312562784104,
      0.09935940270020724,
      0.056879394659778745
    ],
    [
      0.07977514879591327,
      0.10831892728576788,
      0.14205364410610438,
      0.23560325848151306,
      0.41362899877004905,
      1.0,
      0.26432964903529615,
      0.1396271159005582,
      0.07916163347359385
    ],
    [
      0.036612828248331716,
      0.052278062308842396,
      0.07444958224496684,
      0.11901204935144191,
      0.17531312562784104,
      0.2643296490352962,
      1.0,
      0.27346649378366206,
      0.1325564755157474
    ],
    [
      0.012706975253547347,
      0.02290114935564427,
      0.03395544741499397,
      0.06283343478837101,
      0.09935940270020725,
      0.13962711590055824,
      0.27346649378366206,
      1.0,
      0.25868218079835154
    ],
    [
      0.01239576153577307,
      0.017285242348523123,
      0.02628011131160713,
      0.03828468799764873,
      0.056879394659778745,
      0.07916163347359385,
      0.1325564755157474,
      0.25868218079835154,
      1.0
    ]
  ],
  "spearman_c": [
    [
      1.0,
      0.7070289824912543,
      0.5454837663083152,
      0.3986038544041709,
      0.3298419819167688,
      0.28749864671549846,
      0.2168340527024823,
      0.1785457075171619,
      0.16925196497350217
    ],
    [
      0.7070289824912543,
      1.0,
      0.7340249361111386,
      0.4924218329719686,
      0.39290089539983436,
      0.3375590468613434,
      0.2570693874131882,
      0.20156251075490278,
      0.18692182368441312
    ],
    [
      0.5454837663083152,
      0.7340249361111386,
      1.0,
      0.6048655516064061,
      0.4586769237550299,
      0.38381561883946175,
      0.2927674813543527,
      0.22686636469840704,
      0.203757217475508
    ],
    [
      0.3986038544041709,
      0.4924218329719686,
      0.6048655516064061,
      1.0,
      0.6337192774188547,
      0.48707735460730817,
      0.35712056097102285,
      0.27399408552410454,
      0.23040588746145096
    ],
    [
      0.3298419819167688,
      0.39290089539983436,
      0.4586769237550299,
      0.6337192774188547,
      1.0,
      0.647589622383044,
      0.424953152037559,
      0.318106921751841,
      0.25004249266626943
    ],
    [
      0.28749864671549846,
      0.3375590468613434,
      0.38381561883946175,
      0.48707735460730817,
      0.647589622383044,
      1.0,
      0.5161703968525226,
      0.37271316341168126,
      0.28051237931012485
    ],
    [
      0.2168340527024823,
      0.2570693874131882,
      0.2927674813543527,
      0.35712056097102285,
      0.424953152037559,
      0.5161703968525226,
      1.0,
      0.5236023709432804,
      0.36086722444940805
    ],
    [
      0.1785457075171619,
      0.20156251075490278,
      0.22686636469840704,
      0.27399408552410454,
      0.318106921751841,
      0.37271316341168126,
      0.5236023709432804,
      1.0,
      0.5111163975405182
    ],
    [
      0.16925196497350217,
      0.18692182368441312,
      0.203757217475508,
      0.23040588746145096,
      0.25004249266626943,
      0.28051237931012485,
      0.36086722444940805,
      0.5111163975405182,
      1.0
    ]
  ],
  "spearman_s": [
    [
      1.0,
      0.4810937225662707,
      0.29300111165683457,
      0.1590917484642686,
      0.10451068256417853,
      0.06861595682990662,
      0.030621115121023456,
      0.011177449889752722,
      0.011634712423983012
    ],
    [
      0.4810937225662707,
      1.0,
      0.5098217780620241,
      0.2295295516051995,
      0.14377696623741884,
      0.09484204232776894,
      0.04543036955225596,
      0.019134125932815695,
      0.014985459758317176
    ],
    [
      0.29300111165683457,
      0.5098217780620241,
      1.0,
      0.33811272898373634,
      0.19238817603659797,
      0.12718362006831513,
      0.06680456842128285,
      0.028431656098979616,
      0.022589352480154836
    ],
    [
      0.1590917484642686,
      0.2295295516051995,
      0.33811272898373634,
      1.0,
      0.375963586043904,
      0.21825213620811348,
      0.10796470510201633,
      0.05548422901753802,
      0.03313642231742936
    ],
    [
      0.10451068256417853,
      0.14377696623741884,
      0.19238817603659797,
      0.375963586043904,
      1.0,
      0.39724324345004797,
      0.16234895218055437,
      0.09036004941667783,
      0.05105355874700395
    ],
    [
      0.06861595682990662,
      0.09484204232776894,
      0.12718362006831513,
      0.21825213620811348,
      0.39724324345004797,
      1.0,
      0.24975665826678514,
      0.12932608671575122,
      0.0732289216711988
    ],
    [
      0.030621115121023456,
      0.04543036955225596,
      0.06680456842128285,
      0.10796470510201633,
      0.16234895218055437,
      0.24975665826678514,
      1.0,
      0.26067196316424657,
      0.12224945584011049
    ],
    [
      0.011177449889752722,
      0.019134125932815695,
      0.028431656098979616,
      0.05548422901753802,
      0.09036004941667783,
      0.12932608671575122,
      0.26067196316424657,
      1.0,
      0.2487088744960098
    ],
    [
      0.011634712423983012,
      0.014985459758317176,
      0.022589352480154836,
      0.03313642231742936,
      0.05105355874700395,
      0.0732289216711988,
      0.12224945584011049,
      0.2487088744960098,
      1.0
    ]
  ],
  "surrogate_summary": {
    "pearson_c": {
      "full_shuffle": {
        "mean": 0.0003512868036614302,
        "phi_values": [
          0.000842566717592926,
          0.0013598330366853808,
          0.0002920257587206937,
          -0.0003120328578729874,
          0.0005973694689259298,
          0.00034187060750724934,
          -0.0008222554507117508,
          0.0005109171484440002
        ]
      },
      "A_bin_shuffle": {
        "mean": 0.0029889668601479017,
        "phi_values": [
          0.005117635760793989,
          0.003291614061311023,
          0.001220758038886383,
          0.002078594993238679,
          0.004222327925807805,
          0.004277943936087738,
          0.001298929352098281,
          0.002403930812959315
        ]
      },
      "j_bin_shuffle": {
        "mean": 0.00014197393274099787,
        "phi_values": [
          -0.0009997720567979048,
          0.0001888199891867736,
          -0.000787028349403587,
          0.0006666139845123129,
          0.0007078749725207907,
          -6.627339010391965e-05,
          0.00041336891270282917,
          0.0010121873993106881
        ]
      }
    },
    "pearson_s": {
      "full_shuffle": {
        "mean": 0.00029304717362972925,
        "phi_values": [
          -0.0013082877005905448,
          -0.00019794767731955723,
          0.0011733570450826035,
          0.0009454056408389125,
          -0.0005499816397198727,
          0.0018980275695813795,
          0.00035028251689939453,
          3.352163426551876e-05
        ]
      },
      "A_bin_shuffle": {
        "mean": 0.03496278718773908,
        "phi_values": [
          0.040540197341392595,
          0.04340665027343308,
          0.03710228929127654,
          0.03249454445597633,
          0.03036148310365626,
          0.022699055162950173,
          0.026856986867820596,
          0.046241091005407096
        ]
      },
      "j_bin_shuffle": {
        "mean": 0.0002298985095456933,
        "phi_values": [
          -0.0006455917570189107,
          -0.000884138170227144,
          0.0019961010763051516,
          1.9834515650721575e-05,
          -0.00039027938690112084,
          -0.0006877757735792094,
          0.0016028600725511409,
          0.0008281774995849174
        ]
      }
    }
  },
  "notes": {
    "processor": "self_contained_new15_random_nonoverlap_processor",
    "boundary_condition_for_increments": "periodic within cube in x/y",
    "current_density_operator": "periodic central differences on B"
  }
}