{
  "cube": {
    "tag": "C10_t0778",
    "t": 778,
    "x": [
      321,
      640
    ],
    "y": [
      321,
      640
    ],
    "z": [
      1,
      320
    ]
  },
  "raw_files": {
    "velocity": "/home/idies/workspace/Storage/elenceq/mhd_work/jhtdb_mhd1024/raw/mhd1024_velocity_t0778_x321-640_y321-640_z1-320.npy",
    "magneticfield": "/home/idies/workspace/Storage/elenceq/mhd_work/jhtdb_mhd1024/raw/mhd1024_magneticfield_t0778_x321-640_y321-640_z1-320.npy"
  },
  "scales": [
    32,
    40,
    48,
    64,
    80,
    96,
    128,
    160,
    192
  ],
  "phis": [
    0.0,
    0.39269908169872414,
    0.7853981633974483,
    1.1780972450961724,
    1.5707963267948966,
    1.9634954084936207,
    2.356194490192345,
    2.748893571891069
  ],
  "top_fraction": 0.1,
  "surrogate_n_bins": 10,
  "n_sample_common_per_phi": 30000,
  "random_unsigned_3d_baseline_deg": 57.29577951308232,
  "mean_all_deg": [
    49.57648761775124,
    49.68842602230168,
    49.73144809053596,
    49.91232157459098,
    49.9914081487133,
    50.04130519365479,
    49.80917034996034,
    49.93885404124336,
    50.26069399917397
  ],
  "mean_A_deg": [
    36.28855577157179,
    35.17914542658535,
    34.38204907464268,
    33.93691679414316,
    33.70540180298888,
    34.41986762415392,
    35.29919757631684,
    35.86894024826129,
    36.25439175333043
  ],
  "mean_J_deg": [
    49.826701882945386,
    50.14531114451265,
    50.17365904780907,
    50.37325088476099,
    50.32292828113556,
    50.259144058080835,
    50.37721699626215,
    50.01399530798613,
    50.45731838367156
  ],
  "mean_all_phi_deg": [
    49.57648761775124,
    49.68842602230168,
    49.73144809053596,
    49.91232157459098,
    49.9914081487133,
    50.04130519365479,
    49.80917034996034,
    49.93885404124336,
    50.26069399917397
  ],
  "mean_A_phi_deg": [
    36.28855577157179,
    35.17914542658535,
    34.38204907464268,
    33.93691679414316,
    33.70540180298888,
    34.41986762415392,
    35.29919757631684,
    35.86894024826129,
    36.25439175333043
  ],
  "mean_J_phi_deg": [
    49.826701882945386,
    50.14531114451265,
    50.17365904780907,
    50.37325088476099,
    50.32292828113556,
    50.259144058080835,
    50.37721699626215,
    50.01399530798613,
    50.45731838367156
  ],
  "pearson_c": [
    [
      1.0,
      0.7034274449037543,
      0.5366604254911049,
      0.38374244444450006,
      0.31191215361986246,
      0.25858287560453,
      0.20536687710233084,
      0.18489132150223392,
      0.18094090404029262
    ],
    [
      0.7034274449037543,
      0.9999999999999999,
      0.732488415992706,
      0.48190415753054405,
      0.38264418030812913,
      0.3129707011378854,
      0.23691571244074144,
      0.20828270617842481,
      0.20330777602080297
    ],
    [
      0.5366604254911049,
      0.7324884159927061,
      1.0,
      0.6010311178013821,
      0.4553695678124188,
      0.36793808656896476,
      0.26877411091433373,
      0.22982738902339694,
      0.2192210501306605
    ],
    [
      0.38374244444450006,
      0.4819041575305441,
      0.6010311178013821,
      1.0,
      0.6347591896550638,
      0.4864706713900863,
      0.33130975895059045,
      0.2651205720451326,
      0.24370529876068522
    ],
    [
      0.31191215361986246,
      0.38264418030812913,
      0.4553695678124188,
      0.6347591896550638,
      1.0,
      0.6514505339754891,
      0.4115652754738315,
      0.30786717709894174,
      0.2689668708892891
    ],
    [
      0.25858287560453,
      0.3129707011378854,
      0.3679380865689647,
      0.4864706713900864,
      0.6514505339754891,
      1.0,
      0.5149204125389869,
      0.36501542685488825,
      0.2989966598342239
    ],
    [
      0.20536687710233084,
      0.23691571244074144,
      0.2687741109143337,
      0.33130975895059045,
      0.4115652754738315,
      0.5149204125389869,
      1.0,
      0.5331855312937073,
      0.3913351604770159
    ],
    [
      0.18489132150223392,
      0.20828270617842481,
      0.22982738902339692,
      0.2651205720451326,
      0.30786717709894174,
      0.36501542685488825,
      0.5331855312937073,
      1.0,
      0.5375849434193367
    ],
    [
      0.18094090404029262,
      0.20330777602080297,
      0.2192210501306605,
      0.24370529876068522,
      0.2689668708892891,
      0.2989966598342239,
      0.3913351604770159,
      0.5375849434193367,
      1.0
    ]
  ],
  "pearson_s": [
    [
      1.0,
      0.5067983697780639,
      0.31106321227892886,
      0.17155463239039467,
      0.11223993260880114,
      0.07538228639574224,
      0.03867654724513922,
      0.02017807705348761,
      0.02198682522547034
    ],
    [
      0.5067983697780639,
      1.0,
      0.5393292953103987,
      0.2503635476873568,
      0.1579261221907993,
      0.10300654990244665,
      0.05141405637077178,
      0.030987409543523442,
      0.029273568643039545
    ],
    [
      0.31106321227892886,
      0.5393292953103987,
      0.9999999999999999,
      0.3654372630992486,
      0.2143900221873895,
      0.13398052972571567,
      0.06708850203614697,
      0.04033649495130894,
      0.034834813541823814
    ],
    [
      0.17155463239039467,
      0.2503635476873568,
      0.3654372630992486,
      0.9999999999999999,
      0.398881948068638,
      0.23019900653560815,
      0.10285462342847128,
      0.05531405001283191,
      0.04383114946230279
    ],
    [
      0.11223993260880115,
      0.15792612219079927,
      0.21439002218738948,
      0.398881948068638,
      1.0,
      0.41023010806756277,
      0.15532384253307255,
      0.08041045236139374,
      0.05723014505707024
    ],
    [
      0.07538228639574224,
      0.10300654990244665,
      0.13398052972571567,
      0.23019900653560815,
      0.41023010806756277,
      1.0,
      0.24545599169340224,
      0.11457157561224753,
      0.07128830516526323
    ],
    [
      0.03867654724513922,
      0.05141405637077178,
      0.06708850203614697,
      0.10285462342847126,
      0.15532384253307255,
      0.24545599169340224,
      1.0,
      0.2659237829175148,
      0.13196175501598092
    ],
    [
      0.02017807705348761,
      0.030987409543523442,
      0.04033649495130894,
      0.05531405001283191,
      0.08041045236139377,
      0.11457157561224753,
      0.26592378291751473,
      1.0,
      0.26673458019146074
    ],
    [
      0.02198682522547034,
      0.029273568643039545,
      0.034834813541823814,
      0.0438311494623028,
      0.05723014505707024,
      0.07128830516526324,
      0.13196175501598092,
      0.26673458019146074,
      1.0
    ]
  ],
  "spearman_c": [
    [
      1.0,
      0.7083789641215876,
      0.5419974103594971,
      0.3873046346974496,
      0.31436394946995994,
      0.26091784999496426,
      0.20846546920407272,
      0.18887048869191164,
      0.1854250101589722
    ],
    [
      0.7083789641215876,
      1.0,
      0.7373812428160903,
      0.4874159643465733,
      0.38654726565316366,
      0.31616598225385106,
      0.24049331587638145,
      0.21253339610948155,
      0.20760156906294616
    ],
    [
      0.5419974103594971,
      0.7373812428160903,
      1.0,
      0.6069061005455623,
      0.45994555114543945,
      0.3718874858772083,
      0.2726126903698474,
      0.23370131007544587,
      0.223698784040832
    ],
    [
      0.3873046346974496,
      0.4874159643465733,
      0.6069061005455623,
      1.0,
      0.639817558338464,
      0.4908219003678576,
      0.33479971714477746,
      0.26871470367134964,
      0.2472552787886725
    ],
    [
      0.31436394946995994,
      0.38654726565316366,
      0.45994555114543945,
      0.639817558338464,
      1.0,
      0.655282126600869,
      0.41401468616746073,
      0.3106610884600678,
      0.27209586006188424
    ],
    [
      0.26091784999496426,
      0.31616598225385106,
      0.3718874858772083,
      0.4908219003678576,
      0.655282126600869,
      1.0,
      0.516004464200005,
      0.3668272183194747,
      0.3019354502362616
    ],
    [
      0.20846546920407272,
      0.24049331587638145,
      0.2726126903698474,
      0.33479971714477746,
      0.41401468616746073,
      0.516004464200005,
      1.0,
      0.5325936186437706,
      0.39252868664792073
    ],
    [
      0.18887048869191164,
      0.21253339610948155,
      0.23370131007544587,
      0.26871470367134964,
      0.3106610884600678,
      0.3668272183194747,
      0.5325936186437706,
      1.0,
      0.5374758274881952
    ],
    [
      0.1854250101589722,
      0.20760156906294616,
      0.223698784040832,
      0.2472552787886725,
      0.27209586006188424,
      0.3019354502362616,
      0.39252868664792073,
      0.5374758274881952,
      1.0
    ]
  ],
  "spearman_s": [
    [
      1.0,
      0.488081269056368,
      0.29212899550330995,
      0.1572588302201209,
      0.10029734748116372,
      0.06565278798266977,
      0.03297435893224928,
      0.016530037448422262,
      0.017323352007025946
    ],
    [
      0.488081269056368,
      1.0,
      0.5207123017840137,
      0.2326547928215053,
      0.14367345520663716,
      0.09252249668946942,
      0.04503765508409739,
      0.025910105701789005,
      0.023354376910449306
    ],
    [
      0.29212899550330995,
      0.5207123017840137,
      1.0,
      0.3450125055092361,
      0.19891768807057522,
      0.12230352848300391,
      0.059326625771140694,
      0.035849858968610954,
      0.02804543486232826
    ],
    [
      0.1572588302201209,
      0.2326547928215053,
      0.3450125055092361,
      1.0,
      0.3803521951053913,
      0.21475589030122877,
      0.0920418225709909,
      0.05031030910462256,
      0.039454726318116355
    ],
    [
      0.10029734748116372,
      0.14367345520663716,
      0.19891768807057522,
      0.3803521951053913,
      1.0,
      0.3926368287245965,
      0.1431401799794335,
      0.07487860227719845,
      0.05227750215075278
    ],
    [
      0.06565278798266977,
      0.09252249668946942,
      0.12230352848300391,
      0.21475589030122877,
      0.3926368287245965,
      1.0,
      0.2306399393207666,
      0.10557036429202261,
      0.0648323086535359
    ],
    [
      0.03297435893224928,
      0.04503765508409739,
      0.059326625771140694,
      0.0920418225709909,
      0.1431401799794335,
      0.2306399393207666,
      1.0,
      0.249172592846414,
      0.11978265885059182
    ],
    [
      0.016530037448422262,
      0.025910105701789005,
      0.035849858968610954,
      0.05031030910462256,
      0.07487860227719845,
      0.10557036429202261,
      0.249172592846414,
      1.0,
      0.24848940698821045
    ],
    [
      0.017323352007025946,
      0.023354376910449306,
      0.02804543486232826,
      0.039454726318116355,
      0.05227750215075278,
      0.0648323086535359,
      0.11978265885059182,
      0.24848940698821045,
      1.0
    ]
  ],
  "surrogate_summary": {
    "pearson_c": {
      "full_shuffle": {
        "mean": -0.0003775949846413485,
        "phi_values": [
          -0.001369016517723894,
          0.0004951453530492401,
          2.0315826480786937e-05,
          -0.0009439074741697251,
          -0.0007726314725119882,
          0.00048517497616492797,
          -0.001938050190699219,
          0.0010022096222790829
        ]
      },
      "A_bin_shuffle": {
        "mean": 0.002988041266724733,
        "phi_values": [
          0.0018385562029373079,
          -0.0002565759702261348,
          0.0019341878059813053,
          0.003029736052098644,
          0.010439800522609925,
          0.0036088257603708804,
          0.0031475679289694396,
          0.00016223183105649352
        ]
      },
      "j_bin_shuffle": {
        "mean": 0.0014658237064839514,
        "phi_values": [
          0.0008307700737509942,
          0.0028568951429029793,
          0.0023333310885667235,
          0.0002861863423098536,
          -0.00018761225896800197,
          0.002030755789594137,
          0.001702917024863666,
          0.00187334644885126
        ]
      }
    },
    "pearson_s": {
      "full_shuffle": {
        "mean": 7.450738608782666e-05,
        "phi_values": [
          0.0006155287305166187,
          -0.0008685598397116205,
          0.00036132470199226396,
          -0.001400748846876285,
          0.0006667783862286602,
          0.0012219060587714255,
          0.0005138636058591422,
          -0.0005140337080775916
        ]
      },
      "A_bin_shuffle": {
        "mean": 0.031064813014577378,
        "phi_values": [
          0.030107905316355037,
          0.030615854382330512,
          0.032737193357015346,
          0.03886497532796617,
          0.039352199563242214,
          0.029808603307721934,
          0.021063425151401985,
          0.02596834771058584
        ]
      },
      "j_bin_shuffle": {
        "mean": 0.0004659150477552488,
        "phi_values": [
          0.00030736693901022016,
          -0.00036149819209276696,
          0.0016338395946949148,
          -0.001901532102585349,
          0.0012358827774937254,
          0.0008456027735686841,
          0.0010424310018825322,
          0.0009252275900700302
        ]
      }
    }
  },
  "notes": {
    "processor": "self_contained_new15_random_nonoverlap_processor",
    "boundary_condition_for_increments": "periodic within cube in x/y",
    "current_density_operator": "periodic central differences on B"
  }
}