{
  "cube": {
    "tag": "C11_t0843",
    "t": 843,
    "x": [
      641,
      960
    ],
    "y": [
      1,
      320
    ],
    "z": [
      321,
      640
    ]
  },
  "raw_files": {
    "velocity": "/home/idies/workspace/Storage/elenceq/mhd_work/jhtdb_mhd1024/raw/mhd1024_velocity_t0843_x641-960_y1-320_z321-640.npy",
    "magneticfield": "/home/idies/workspace/Storage/elenceq/mhd_work/jhtdb_mhd1024/raw/mhd1024_magneticfield_t0843_x641-960_y1-320_z321-640.npy"
  },
  "scales": [
    32,
    40,
    48,
    64,
    80,
    96,
    128,
    160,
    192
  ],
  "phis": [
    0.0,
    0.39269908169872414,
    0.7853981633974483,
    1.1780972450961724,
    1.5707963267948966,
    1.9634954084936207,
    2.356194490192345,
    2.748893571891069
  ],
  "top_fraction": 0.1,
  "surrogate_n_bins": 10,
  "n_sample_common_per_phi": 30000,
  "random_unsigned_3d_baseline_deg": 57.29577951308232,
  "mean_all_deg": [
    48.97466761547218,
    48.708061887080234,
    48.46534905195119,
    48.33560641713674,
    48.437033385144055,
    48.76235991792728,
    49.195064617856666,
    49.104276921838306,
    49.103697036790564
  ],
  "mean_A_deg": [
    35.5183273735712,
    34.43549398003674,
    33.60648791968799,
    32.480667855351456,
    32.82861339922378,
    33.33408701487369,
    34.56681121067742,
    35.2182051914424,
    34.89997073833528
  ],
  "mean_J_deg": [
    48.87914022456558,
    49.08594415523927,
    49.16822509692588,
    49.222117444662636,
    49.05504042511446,
    49.43638299033438,
    49.57974619424449,
    49.48421098919514,
    49.703813335321016
  ],
  "mean_all_phi_deg": [
    48.97466761547218,
    48.708061887080234,
    48.46534905195119,
    48.33560641713674,
    48.437033385144055,
    48.76235991792728,
    49.195064617856666,
    49.104276921838306,
    49.103697036790564
  ],
  "mean_A_phi_deg": [
    35.5183273735712,
    34.43549398003674,
    33.60648791968799,
    32.480667855351456,
    32.82861339922378,
    33.33408701487369,
    34.56681121067742,
    35.2182051914424,
    34.89997073833528
  ],
  "mean_J_phi_deg": [
    48.87914022456558,
    49.08594415523927,
    49.16822509692588,
    49.222117444662636,
    49.05504042511446,
    49.43638299033438,
    49.57974619424449,
    49.48421098919514,
    49.703813335321016
  ],
  "pearson_c": [
    [
      1.0,
      0.6699048556595408,
      0.49167641603492324,
      0.3326839049804172,
      0.2547722867821377,
      0.21000255926014066,
      0.16802769377794202,
      0.1533941789832319,
      0.15117080568812002
    ],
    [
      0.6699048556595408,
      1.0,
      0.6954280346584217,
      0.4302745508889623,
      0.323323200822014,
      0.26007721661060995,
      0.19781095816325944,
      0.17364636309463166,
      0.17006505567510766
    ],
    [
      0.49167641603492324,
      0.6954280346584217,
      1.0,
      0.5537609957252114,
      0.395345781832479,
      0.3111596179954518,
      0.22712272784144172,
      0.19277940913718672,
      0.18358618269943242
    ],
    [
      0.3326839049804172,
      0.43027455088896227,
      0.5537609957252114,
      1.0,
      0.5843793766152354,
      0.4231977611876161,
      0.2777412299845101,
      0.21941805889593605,
      0.1924608624933379
    ],
    [
      0.2547722867821377,
      0.32332320082201405,
      0.395345781832479,
      0.5843793766152354,
      1.0,
      0.6035833763471085,
      0.3499083170294966,
      0.2500275579958072,
      0.20946863316057998
    ],
    [
      0.21000255926014066,
      0.26007721661060995,
      0.31115961799545183,
      0.4231977611876161,
      0.6035833763471083,
      1.0,
      0.4523183639038569,
      0.3003760930224571,
      0.2380139350822894
    ],
    [
      0.16802769377794202,
      0.19781095816325944,
      0.22712272784144172,
      0.2777412299845101,
      0.3499083170294966,
      0.4523183639038569,
      1.0,
      0.4686903869647366,
      0.31857987259613885
    ],
    [
      0.15339417898323193,
      0.17364636309463166,
      0.19277940913718672,
      0.21941805889593607,
      0.2500275579958072,
      0.3003760930224571,
      0.4686903869647366,
      1.0,
      0.4803961102795058
    ],
    [
      0.15117080568812005,
      0.17006505567510766,
      0.18358618269943242,
      0.1924608624933379,
      0.20946863316057998,
      0.2380139350822894,
      0.31857987259613885,
      0.4803961102795057,
      1.0
    ]
  ],
  "pearson_s": [
    [
      1.0,
      0.5006303368217169,
      0.307026330355599,
      0.16021840606114762,
      0.10427745633424017,
      0.07416900896107285,
      0.0448767582935945,
      0.03758086650950077,
      0.04262616056082815
    ],
    [
      0.5006303368217169,
      1.0,
      0.5277203688019895,
      0.24090169347711762,
      0.1471055619231075,
      0.10225542337493437,
      0.059621211092403786,
      0.04563394325225388,
      0.0441846577709029
    ],
    [
      0.307026330355599,
      0.5277203688019895,
      1.0,
      0.3576700047978132,
      0.20351294021095123,
      0.13008726240326923,
      0.07305747762594161,
      0.05108839177401574,
      0.04793759979368414
    ],
    [
      0.16021840606114765,
      0.24090169347711765,
      0.3576700047978132,
      1.0,
      0.38606349791153155,
      0.22033970381802007,
      0.10583399862439906,
      0.061943582914010024,
      0.054006613452757986
    ],
    [
      0.10427745633424018,
      0.14710556192310753,
      0.20351294021095123,
      0.38606349791153155,
      1.0,
      0.3964986339719031,
      0.15643085772753873,
      0.08109859964968429,
      0.05711784821325635
    ],
    [
      0.07416900896107284,
      0.10225542337493437,
      0.1300872624032692,
      0.22033970381802007,
      0.3964986339719031,
      1.0,
      0.24346275337408083,
      0.11584121214541362,
      0.06767343007733959
    ],
    [
      0.04487675829359449,
      0.059621211092403786,
      0.07305747762594161,
      0.10583399862439904,
      0.15643085772753873,
      0.24346275337408083,
      1.0,
      0.24879767117999116,
      0.12134278299925844
    ],
    [
      0.03758086650950077,
      0.04563394325225389,
      0.05108839177401575,
      0.061943582914010024,
      0.08109859964968429,
      0.11584121214541362,
      0.24879767117999116,
      0.9999999999999999,
      0.2516830085692636
    ],
    [
      0.04262616056082815,
      0.0441846577709029,
      0.047937599793684144,
      0.054006613452757986,
      0.057117848213256356,
      0.0676734300773396,
      0.12134278299925844,
      0.2516830085692636,
      1.0
    ]
  ],
  "spearman_c": [
    [
      1.0,
      0.6731350279187611,
      0.4940798926018665,
      0.3323866339656518,
      0.2558388649363209,
      0.2112692807966881,
      0.16665264144755848,
      0.15335151387394613,
      0.15186637188824043
    ],
    [
      0.6731350279187611,
      1.0,
      0.6982515960956684,
      0.4307849216844832,
      0.3237236667666374,
      0.26156762618513063,
      0.19734039920032262,
      0.1729785184326428,
      0.17044052988815614
    ],
    [
      0.4940798926018665,
      0.6982515960956684,
      1.0,
      0.5554219611476354,
      0.3967944520469383,
      0.31183503446731664,
      0.22609433447082702,
      0.19071763730707514,
      0.18421999900774444
    ],
    [
      0.3323866339656518,
      0.4307849216844832,
      0.5554219611476354,
      1.0,
      0.5884796968793663,
      0.4250260069987511,
      0.27778696793470775,
      0.21759050424921167,
      0.19446116597995686
    ],
    [
      0.2558388649363209,
      0.3237236667666374,
      0.3967944520469383,
      0.5884796968793663,
      1.0,
      0.6077362929204292,
      0.3519965091952739,
      0.2506215523723573,
      0.21224972423422192
    ],
    [
      0.2112692807966881,
      0.26156762618513063,
      0.31183503446731664,
      0.4250260069987511,
      0.6077362929204292,
      1.0,
      0.4565468581258298,
      0.30280804627984226,
      0.23920428383806028
    ],
    [
      0.16665264144755848,
      0.19734039920032262,
      0.22609433447082702,
      0.27778696793470775,
      0.3519965091952739,
      0.4565468581258298,
      1.0,
      0.47170672518339635,
      0.32129575204877303
    ],
    [
      0.15335151387394613,
      0.1729785184326428,
      0.19071763730707514,
      0.21759050424921167,
      0.2506215523723573,
      0.30280804627984226,
      0.47170672518339635,
      1.0,
      0.4821468089704409
    ],
    [
      0.15186637188824043,
      0.17044052988815614,
      0.18421999900774444,
      0.19446116597995686,
      0.21224972423422192,
      0.23920428383806028,
      0.32129575204877303,
      0.4821468089704409,
      1.0
    ]
  ],
  "spearman_s": [
    [
      1.0,
      0.4859333749407593,
      0.29555410143094896,
      0.1528273748449193,
      0.09800116485927907,
      0.06864280969582534,
      0.040078757782476396,
      0.03503633063315147,
      0.03829479100766088
    ],
    [
      0.4859333749407593,
      1.0,
      0.5146428604122142,
      0.23153208719286897,
      0.13878202632281333,
      0.09530703896945225,
      0.054575248439305835,
      0.04158310467392566,
      0.04116314677929238
    ],
    [
      0.29555410143094896,
      0.5146428604122142,
      1.0,
      0.3461422136544914,
      0.1926162870990181,
      0.12149910778811011,
      0.06639883781372093,
      0.04700734648650816,
      0.045185526580428355
    ],
    [
      0.1528273748449193,
      0.23153208719286897,
      0.3461422136544914,
      1.0,
      0.3734850397350945,
      0.2099221853908024,
      0.098943695114993,
      0.05665435259506039,
      0.04964093808248993
    ],
    [
      0.09800116485927907,
      0.13878202632281333,
      0.1926162870990181,
      0.3734850397350945,
      1.0,
      0.38387884704103203,
      0.14693070489408966,
      0.07581733051463035,
      0.05121442752851602
    ],
    [
      0.06864280969582534,
      0.09530703896945225,
      0.12149910778811011,
      0.2099221853908024,
      0.38387884704103203,
      1.0,
      0.23068729781076364,
      0.10859513031138347,
      0.06224518753482799
    ],
    [
      0.040078757782476396,
      0.054575248439305835,
      0.06639883781372093,
      0.098943695114993,
      0.14693070489408966,
      0.23068729781076364,
      1.0,
      0.23651191436579103,
      0.11362691801630768
    ],
    [
      0.03503633063315147,
      0.04158310467392566,
      0.04700734648650816,
      0.05665435259506039,
      0.07581733051463035,
      0.10859513031138347,
      0.23651191436579103,
      1.0,
      0.2402208760929121
    ],
    [
      0.03829479100766088,
      0.04116314677929238,
      0.045185526580428355,
      0.04964093808248993,
      0.05121442752851602,
      0.06224518753482799,
      0.11362691801630768,
      0.2402208760929121,
      1.0
    ]
  ],
  "surrogate_summary": {
    "pearson_c": {
      "full_shuffle": {
        "mean": -6.168852593484455e-05,
        "phi_values": [
          -0.0016844168882959871,
          -0.0007933037846120269,
          0.0006493124149894868,
          0.0010363662227629291,
          0.0007792761782566132,
          -0.0010159222031738103,
          0.0002709348322083112,
          0.0002642450203857277
        ]
      },
      "A_bin_shuffle": {
        "mean": 0.027777525733016513,
        "phi_values": [
          0.020318072742245123,
          0.02123443410255895,
          0.027810667096355473,
          0.028316579554414134,
          0.027303248157659554,
          0.03200474785155543,
          0.035848871233970826,
          0.029383585125372622
        ]
      },
      "j_bin_shuffle": {
        "mean": 0.00026308358688322247,
        "phi_values": [
          -7.429127450173498e-05,
          0.0011609691289603409,
          -0.0008297980226293595,
          -0.0011091574200777395,
          0.0017718026411237134,
          0.0007801307336297061,
          -0.0008362252017129175,
          0.0012412381102737706
        ]
      }
    },
    "pearson_s": {
      "full_shuffle": {
        "mean": 0.00025791201819112694,
        "phi_values": [
          -0.0010973988617697006,
          -0.0013096851003281207,
          0.0011361056946228567,
          0.0006219462229807886,
          0.0011925805037542978,
          0.00010994533523973673,
          -0.00013070126291138203,
          0.001540503613940539
        ]
      },
      "A_bin_shuffle": {
        "mean": 0.03108515902158179,
        "phi_values": [
          0.0315917150780021,
          0.030084232752743936,
          0.027335405049945187,
          0.029230330566099843,
          0.032245627139309896,
          0.029299045312024114,
          0.034051697513182266,
          0.03484321876134697
        ]
      },
      "j_bin_shuffle": {
        "mean": 0.0001237860510240987,
        "phi_values": [
          -0.0010230070299248042,
          -4.466443173203478e-05,
          0.0005513109758244311,
          -0.000655051205559472,
          0.0008346994832586396,
          0.0006446283599527225,
          0.0002700219098383651,
          0.00041235034653494215
        ]
      }
    }
  },
  "notes": {
    "processor": "self_contained_new15_random_nonoverlap_processor",
    "boundary_condition_for_increments": "periodic within cube in x/y",
    "current_density_operator": "periodic central differences on B"
  }
}