{
  "cube": {
    "tag": "C13_t0539",
    "t": 539,
    "x": [
      1,
      320
    ],
    "y": [
      641,
      960
    ],
    "z": [
      1,
      320
    ]
  },
  "raw_files": {
    "velocity": "/home/idies/workspace/Storage/elenceq/mhd_work/jhtdb_mhd1024/raw/mhd1024_velocity_t0539_x1-320_y641-960_z1-320.npy",
    "magneticfield": "/home/idies/workspace/Storage/elenceq/mhd_work/jhtdb_mhd1024/raw/mhd1024_magneticfield_t0539_x1-320_y641-960_z1-320.npy"
  },
  "scales": [
    32,
    40,
    48,
    64,
    80,
    96,
    128,
    160,
    192
  ],
  "phis": [
    0.0,
    0.39269908169872414,
    0.7853981633974483,
    1.1780972450961724,
    1.5707963267948966,
    1.9634954084936207,
    2.356194490192345,
    2.748893571891069
  ],
  "top_fraction": 0.1,
  "surrogate_n_bins": 10,
  "n_sample_common_per_phi": 30000,
  "random_unsigned_3d_baseline_deg": 57.29577951308232,
  "mean_all_deg": [
    50.3183815303377,
    50.28407518392066,
    50.156488688982655,
    49.85859315759464,
    49.50089597142222,
    49.02345817108939,
    48.65967853958061,
    48.78895490017578,
    49.62480734369418
  ],
  "mean_A_deg": [
    38.147009172365415,
    37.31041221028794,
    36.57400480727089,
    34.67397100721665,
    33.57648978502511,
    33.20953353942569,
    34.596162548574654,
    36.24416658931052,
    38.261129414142715
  ],
  "mean_J_deg": [
    50.19185835779399,
    50.348702619449966,
    50.651034883979555,
    50.21445910882597,
    49.630267123940655,
    49.49441912480652,
    49.30022338003145,
    49.67275694946972,
    50.32189559677228
  ],
  "mean_all_phi_deg": [
    50.3183815303377,
    50.28407518392066,
    50.156488688982655,
    49.85859315759464,
    49.50089597142222,
    49.02345817108939,
    48.65967853958061,
    48.78895490017578,
    49.62480734369418
  ],
  "mean_A_phi_deg": [
    38.147009172365415,
    37.31041221028794,
    36.57400480727089,
    34.67397100721665,
    33.57648978502511,
    33.20953353942569,
    34.596162548574654,
    36.24416658931052,
    38.261129414142715
  ],
  "mean_J_phi_deg": [
    50.19185835779399,
    50.348702619449966,
    50.651034883979555,
    50.21445910882597,
    49.630267123940655,
    49.49441912480652,
    49.30022338003145,
    49.67275694946972,
    50.32189559677228
  ],
  "pearson_c": [
    [
      1.0,
      0.6946672641109634,
      0.5263997532282926,
      0.37559067282190073,
      0.2933873258001032,
      0.24372219224614514,
      0.17344582741481449,
      0.14452013203800723,
      0.13345591209263608
    ],
    [
      0.6946672641109634,
      1.0,
      0.7225017170975117,
      0.4707864040425697,
      0.3591304920960543,
      0.29347388333015817,
      0.20778491063412113,
      0.1701185280185496,
      0.15464883993531514
    ],
    [
      0.5263997532282925,
      0.7225017170975117,
      1.0,
      0.5931097081502833,
      0.4333185476460842,
      0.34395272665866855,
      0.2371257596991635,
      0.18821080321697464,
      0.16878890823628573
    ],
    [
      0.37559067282190073,
      0.47078640404256966,
      0.5931097081502833,
      1.0,
      0.6244707480716165,
      0.4587180074717958,
      0.3013389530674492,
      0.23112861724860417,
      0.19920111818585418
    ],
    [
      0.2933873258001032,
      0.3591304920960543,
      0.4333185476460842,
      0.6244707480716165,
      1.0,
      0.6366731808519746,
      0.3760644820114252,
      0.274779889188653,
      0.2183731335265553
    ],
    [
      0.24372219224614514,
      0.29347388333015817,
      0.34395272665866855,
      0.4587180074717958,
      0.6366731808519746,
      1.0,
      0.48505449799989386,
      0.3282835141347833,
      0.24868438833710257
    ],
    [
      0.1734458274148145,
      0.20778491063412113,
      0.2371257596991635,
      0.3013389530674492,
      0.3760644820114252,
      0.4850544979998938,
      1.0,
      0.5061218926379236,
      0.3431523046271984
    ],
    [
      0.14452013203800723,
      0.1701185280185496,
      0.18821080321697461,
      0.23112861724860415,
      0.274779889188653,
      0.3282835141347833,
      0.5061218926379236,
      1.0,
      0.5037829436606203
    ],
    [
      0.13345591209263608,
      0.15464883993531514,
      0.1687889082362857,
      0.19920111818585415,
      0.21837313352655532,
      0.2486843883371026,
      0.3431523046271984,
      0.5037829436606203,
      1.0
    ]
  ],
  "pearson_s": [
    [
      1.0,
      0.5079842637243491,
      0.31336464931163355,
      0.16302119350102068,
      0.09727236147151345,
      0.05610804876330006,
      0.010183281000192938,
      0.0010986883225605312,
      -0.0006340460956757066
    ],
    [
      0.507984263724349,
      1.0,
      0.5398231318899587,
      0.24816113201341772,
      0.1418722101531277,
      0.08732100263659028,
      0.028444325360132628,
      0.007790547534509146,
      0.002918879696354434
    ],
    [
      0.31336464931163355,
      0.5398231318899588,
      0.9999999999999999,
      0.36954985767508786,
      0.20211584820479542,
      0.1264497548561328,
      0.04388193837846687,
      0.019062528663597818,
      0.010045158385757211
    ],
    [
      0.16302119350102068,
      0.24816113201341772,
      0.36954985767508786,
      1.0,
      0.40279651987375026,
      0.23180279399195228,
      0.09511650410875727,
      0.045315445282694156,
      0.03287356749887251
    ],
    [
      0.09727236147151347,
      0.1418722101531277,
      0.2021158482047954,
      0.40279651987375026,
      1.0,
      0.4151595003612672,
      0.1582312904365792,
      0.0802747745952267,
      0.048702950817840734
    ],
    [
      0.05610804876330006,
      0.08732100263659028,
      0.1264497548561328,
      0.23180279399195228,
      0.41515950036126714,
      1.0,
      0.24884819655222365,
      0.12315281368057648,
      0.06641000995172408
    ],
    [
      0.010183281000192938,
      0.02844432536013263,
      0.04388193837846687,
      0.09511650410875729,
      0.1582312904365792,
      0.24884819655222365,
      1.0,
      0.26590477190633643,
      0.12656889990332035
    ],
    [
      0.0010986883225605304,
      0.007790547534509146,
      0.019062528663597818,
      0.045315445282694156,
      0.0802747745952267,
      0.12315281368057648,
      0.26590477190633643,
      0.9999999999999999,
      0.26041147114290575
    ],
    [
      -0.0006340460956757066,
      0.002918879696354433,
      0.010045158385757211,
      0.03287356749887251,
      0.048702950817840734,
      0.06641000995172405,
      0.12656889990332032,
      0.2604114711429058,
      1.0
    ]
  ],
  "spearman_c": [
    [
      1.0,
      0.7001420491584912,
      0.5316659927631289,
      0.3801257911583064,
      0.297611880863902,
      0.2475324447582027,
      0.17719088348498988,
      0.1478517264888908,
      0.13844140187999043
    ],
    [
      0.7001420491584912,
      1.0,
      0.7282505762121118,
      0.47680369045289295,
      0.3637216013513018,
      0.2976400260511,
      0.21116307413373672,
      0.17295118865355685,
      0.1588641543862935
    ],
    [
      0.5316659927631289,
      0.7282505762121118,
      1.0,
      0.5989005885750006,
      0.4383395367674883,
      0.34807103951519003,
      0.24054317313771462,
      0.1910669705019633,
      0.1718546524924496
    ],
    [
      0.3801257911583064,
      0.47680369045289295,
      0.5989005885750006,
      1.0,
      0.6288541598646713,
      0.4641226942136363,
      0.3057618125327354,
      0.23426977081207753,
      0.20212553850791726
    ],
    [
      0.297611880863902,
      0.3637216013513018,
      0.4383395367674883,
      0.6288541598646713,
      1.0,
      0.6388587914241207,
      0.3810762356863625,
      0.27830067476105624,
      0.22135472739672743
    ],
    [
      0.2475324447582027,
      0.2976400260511,
      0.34807103951519003,
      0.4641226942136363,
      0.6388587914241207,
      1.0,
      0.48783564496876175,
      0.33365571791872856,
      0.2541082467399536
    ],
    [
      0.17719088348498988,
      0.21116307413373672,
      0.24054317313771462,
      0.3057618125327354,
      0.3810762356863625,
      0.48783564496876175,
      1.0,
      0.5062359156394843,
      0.3482803236187559
    ],
    [
      0.1478517264888908,
      0.17295118865355685,
      0.1910669705019633,
      0.23426977081207753,
      0.27830067476105624,
      0.33365571791872856,
      0.5062359156394843,
      1.0,
      0.5034240385770267
    ],
    [
      0.13844140187999043,
      0.1588641543862935,
      0.1718546524924496,
      0.20212553850791726,
      0.22135472739672743,
      0.2541082467399536,
      0.3482803236187559,
      0.5034240385770267,
      1.0
    ]
  ],
  "spearman_s": [
    [
      1.0,
      0.4849121091262911,
      0.2935913842063793,
      0.14924119350926798,
      0.08839185674182427,
      0.04940984417028871,
      0.007224984867416649,
      5.650623889611817e-05,
      -0.0016153975239059975
    ],
    [
      0.4849121091262911,
      1.0,
      0.5179134576424037,
      0.23100931503439923,
      0.13048301213003669,
      0.07924510945349456,
      0.024194020595326687,
      0.003100616148889573,
      0.0004654012397393351
    ],
    [
      0.2935913842063793,
      0.5179134576424037,
      1.0,
      0.34824066220271177,
      0.18710099524072332,
      0.11601423649618248,
      0.03906059076251176,
      0.013246549786385056,
      0.006543288787492543
    ],
    [
      0.14924119350926798,
      0.23100931503439923,
      0.34824066220271177,
      1.0,
      0.38421109388706787,
      0.21504832460833145,
      0.08557595331852882,
      0.039618211023853565,
      0.027627607067975117
    ],
    [
      0.08839185674182427,
      0.13048301213003669,
      0.18710099524072332,
      0.38421109388706787,
      1.0,
      0.39728874178243195,
      0.145210625693234,
      0.07264846742799828,
      0.0415774841555861
    ],
    [
      0.04940984417028871,
      0.07924510945349456,
      0.11601423649618248,
      0.21504832460833145,
      0.39728874178243195,
      1.0,
      0.23493304434259224,
      0.11340218084978017,
      0.05802247034280274
    ],
    [
      0.007224984867416649,
      0.024194020595326687,
      0.03906059076251176,
      0.08557595331852882,
      0.145210625693234,
      0.23493304434259224,
      1.0,
      0.25525265669061403,
      0.1179601507662335
    ],
    [
      5.650623889611817e-05,
      0.003100616148889573,
      0.013246549786385056,
      0.039618211023853565,
      0.07264846742799828,
      0.11340218084978017,
      0.25525265669061403,
      1.0,
      0.24938789732848654
    ],
    [
      -0.0016153975239059975,
      0.0004654012397393351,
      0.006543288787492543,
      0.027627607067975117,
      0.0415774841555861,
      0.05802247034280274,
      0.1179601507662335,
      0.24938789732848654,
      1.0
    ]
  ],
  "surrogate_summary": {
    "pearson_c": {
      "full_shuffle": {
        "mean": -0.00010456252938475548,
        "phi_values": [
          0.0006598475948671606,
          0.00160427854963743,
          -6.304633182345057e-05,
          -0.00014171488725800457,
          -0.0007487407962368461,
          -0.00045335375440324347,
          -0.000978590800606865,
          -0.0007151798092542246
        ]
      },
      "A_bin_shuffle": {
        "mean": 0.0033308319005251304,
        "phi_values": [
          0.006866079479086277,
          0.00542676947299486,
          0.0027986236471264797,
          0.0021259744794694846,
          0.0023137314665183486,
          0.000518240018460176,
          0.000725753604369661,
          0.0058714830361757545
        ]
      },
      "j_bin_shuffle": {
        "mean": 6.494683056517498e-05,
        "phi_values": [
          0.00038087939203097727,
          0.0005396445192912854,
          0.00025309599362672566,
          0.0010589152132106023,
          -0.0009026562217163044,
          -0.0004464464542030762,
          9.205673250405446e-05,
          -0.0004559145302228646
        ]
      }
    },
    "pearson_s": {
      "full_shuffle": {
        "mean": -0.00024278367664813216,
        "phi_values": [
          -0.0016344988673133313,
          -0.0010522418892452588,
          0.0008519798016957368,
          -0.00037393837734690745,
          0.001287084012195445,
          0.001261080494527124,
          -0.0009406839684879384,
          -0.001341050619209927
        ]
      },
      "A_bin_shuffle": {
        "mean": 0.023707896617390145,
        "phi_values": [
          0.02676670241376907,
          0.022480139778116068,
          0.015772632757296554,
          0.01952577867212745,
          0.02449857104904214,
          0.023357618443795004,
          0.027524219969869042,
          0.029737509855105856
        ]
      },
      "j_bin_shuffle": {
        "mean": 0.0006234505926792128,
        "phi_values": [
          -0.0003663314037359501,
          0.00012394039297846437,
          0.0017547535466459281,
          -0.00023334233100724442,
          0.001144169799842636,
          0.0007559935553793196,
          0.002137770359005538,
          -0.0003293491776749893
        ]
      }
    }
  },
  "notes": {
    "processor": "self_contained_new15_random_nonoverlap_processor",
    "boundary_condition_for_increments": "periodic within cube in x/y",
    "current_density_operator": "periodic central differences on B"
  }
}