{
  "cube": {
    "tag": "C14_t0302",
    "t": 302,
    "x": [
      321,
      640
    ],
    "y": [
      321,
      640
    ],
    "z": [
      321,
      640
    ]
  },
  "raw_files": {
    "velocity": "/home/idies/workspace/Storage/elenceq/mhd_work/jhtdb_mhd1024/raw/mhd1024_velocity_t0302_x321-640_y321-640_z321-640.npy",
    "magneticfield": "/home/idies/workspace/Storage/elenceq/mhd_work/jhtdb_mhd1024/raw/mhd1024_magneticfield_t0302_x321-640_y321-640_z321-640.npy"
  },
  "scales": [
    32,
    40,
    48,
    64,
    80,
    96,
    128,
    160,
    192
  ],
  "phis": [
    0.0,
    0.39269908169872414,
    0.7853981633974483,
    1.1780972450961724,
    1.5707963267948966,
    1.9634954084936207,
    2.356194490192345,
    2.748893571891069
  ],
  "top_fraction": 0.1,
  "surrogate_n_bins": 10,
  "n_sample_common_per_phi": 30000,
  "random_unsigned_3d_baseline_deg": 57.29577951308232,
  "mean_all_deg": [
    50.36400176343973,
    50.803795281222484,
    51.163070677102766,
    51.66232377838107,
    51.79121591162568,
    51.54097538340396,
    51.03140523090141,
    50.93349908299621,
    51.220563610649094
  ],
  "mean_A_deg": [
    35.91737540236687,
    37.54444851568535,
    38.8060841065292,
    40.45436684556034,
    40.84441024832947,
    40.691741113116436,
    40.07182912398755,
    40.705741550600465,
    41.888680330564945
  ],
  "mean_J_deg": [
    49.67103809000532,
    50.17045098191279,
    50.93046829116095,
    51.6285144637808,
    51.590557924194314,
    51.27246617670563,
    51.40134228284669,
    51.71560569632226,
    51.69019113332942
  ],
  "mean_all_phi_deg": [
    50.36400176343973,
    50.803795281222484,
    51.163070677102766,
    51.66232377838107,
    51.79121591162568,
    51.54097538340396,
    51.03140523090141,
    50.93349908299621,
    51.220563610649094
  ],
  "mean_A_phi_deg": [
    35.91737540236687,
    37.54444851568535,
    38.8060841065292,
    40.45436684556034,
    40.84441024832947,
    40.691741113116436,
    40.07182912398755,
    40.705741550600465,
    41.888680330564945
  ],
  "mean_J_phi_deg": [
    49.67103809000532,
    50.17045098191279,
    50.93046829116095,
    51.6285144637808,
    51.590557924194314,
    51.27246617670563,
    51.40134228284669,
    51.71560569632226,
    51.69019113332942
  ],
  "pearson_c": [
    [
      1.0,
      0.6598398482152171,
      0.4764221045070325,
      0.32355652220906383,
      0.25978857474201733,
      0.22970610621987855,
      0.19200793748234804,
      0.15760606340317646,
      0.1513582884399284
    ],
    [
      0.6598398482152172,
      1.0,
      0.6774500828793786,
      0.4085488193727028,
      0.30928556267129104,
      0.2629074357722847,
      0.21643674625644144,
      0.17453466231442097,
      0.16037745320657415
    ],
    [
      0.4764221045070325,
      0.6774500828793786,
      1.0,
      0.5246016296277539,
      0.37046819455079166,
      0.3013672629095554,
      0.2427260493891546,
      0.19168133085214833,
      0.17072796682773217
    ],
    [
      0.32355652220906383,
      0.4085488193727028,
      0.5246016296277539,
      0.9999999999999999,
      0.5551213018315794,
      0.4051885958157808,
      0.2955897150564913,
      0.22610277537436718,
      0.19216360861001747
    ],
    [
      0.25978857474201733,
      0.30928556267129104,
      0.37046819455079166,
      0.5551213018315795,
      1.0,
      0.5819724367191196,
      0.3610687947993999,
      0.26057572194935197,
      0.21224665857014857
    ],
    [
      0.22970610621987855,
      0.2629074357722847,
      0.3013672629095554,
      0.4051885958157809,
      0.5819724367191196,
      1.0,
      0.45124630524894854,
      0.30332996208096125,
      0.24044345787353918
    ],
    [
      0.1920079374823481,
      0.21643674625644144,
      0.2427260493891546,
      0.2955897150564913,
      0.3610687947993999,
      0.4512463052489486,
      1.0,
      0.4526735003839985,
      0.30613251808888525
    ],
    [
      0.15760606340317646,
      0.17453466231442097,
      0.19168133085214833,
      0.22610277537436715,
      0.26057572194935197,
      0.30332996208096125,
      0.45267350038399856,
      1.0,
      0.45412316890184656
    ],
    [
      0.1513582884399284,
      0.16037745320657418,
      0.1707279668277322,
      0.1921636086100175,
      0.21224665857014857,
      0.24044345787353918,
      0.3061325180888852,
      0.45412316890184656,
      1.0
    ]
  ],
  "pearson_s": [
    [
      0.9999999999999999,
      0.4660913077874697,
      0.2629318396207261,
      0.12231553319623659,
      0.0662308447613391,
      0.03817370455580278,
      0.016344431046219417,
      0.009367293404155881,
      0.0110427386202828
    ],
    [
      0.4660913077874697,
      1.0,
      0.4796007713801566,
      0.1863449784849858,
      0.09784040097893848,
      0.059804416863349925,
      0.023029941007364836,
      0.017149249328614315,
      0.012905750518146892
    ],
    [
      0.26293183962072614,
      0.47960077138015655,
      1.0,
      0.29710508681164266,
      0.1470742977227163,
      0.09138501607216783,
      0.03855639081210034,
      0.025306177409301057,
      0.01566042935604767
    ],
    [
      0.1223155331962366,
      0.1863449784849858,
      0.29710508681164266,
      1.0,
      0.314977373387199,
      0.1624257305036444,
      0.07280750196445016,
      0.0375145740732337,
      0.03022631658710019
    ],
    [
      0.0662308447613391,
      0.09784040097893848,
      0.1470742977227163,
      0.314977373387199,
      1.0,
      0.3374641367050581,
      0.12097074367714176,
      0.05740949018742588,
      0.03777540473481608
    ],
    [
      0.03817370455580278,
      0.059804416863349925,
      0.09138501607216783,
      0.16242573050364437,
      0.33746413670505804,
      1.0,
      0.19368665929817142,
      0.09167966919234811,
      0.05220104365640675
    ],
    [
      0.016344431046219413,
      0.023029941007364836,
      0.03855639081210034,
      0.07280750196445016,
      0.12097074367714178,
      0.19368665929817142,
      1.0,
      0.20748168557416063,
      0.09876055904795214
    ],
    [
      0.009367293404155881,
      0.017149249328614315,
      0.025306177409301057,
      0.0375145740732337,
      0.05740949018742588,
      0.09167966919234811,
      0.2074816855741606,
      1.0,
      0.20787770090458818
    ],
    [
      0.0110427386202828,
      0.012905750518146894,
      0.01566042935604767,
      0.030226316587100194,
      0.03777540473481609,
      0.052201043656406765,
      0.09876055904795214,
      0.20787770090458818,
      1.0
    ]
  ],
  "spearman_c": [
    [
      1.0,
      0.6693531835936701,
      0.48447138781757926,
      0.32858550703626166,
      0.2631616732153463,
      0.23264537211388372,
      0.19493415169914904,
      0.16057999304847778,
      0.15408473672776082
    ],
    [
      0.6693531835936701,
      1.0,
      0.6851538922935042,
      0.4139456235641617,
      0.3127598520256776,
      0.2658899595006555,
      0.2190593379516215,
      0.1773873648590415,
      0.16302045476446717
    ],
    [
      0.48447138781757926,
      0.6851538922935042,
      1.0,
      0.5303669122674632,
      0.3742725544856917,
      0.3045426503501585,
      0.24530526405411696,
      0.19474569457149518,
      0.17294432897799367
    ],
    [
      0.32858550703626166,
      0.4139456235641617,
      0.5303669122674632,
      1.0,
      0.558193184372159,
      0.4079303408837559,
      0.2987654777724061,
      0.2293507433635008,
      0.1953700029173
    ],
    [
      0.2631616732153463,
      0.3127598520256776,
      0.3742725544856917,
      0.558193184372159,
      1.0,
      0.5843260222070288,
      0.3646461001174401,
      0.2641294764843105,
      0.215089789913822
    ],
    [
      0.23264537211388372,
      0.2658899595006555,
      0.3045426503501585,
      0.4079303408837559,
      0.5843260222070288,
      1.0,
      0.4541921602956579,
      0.3071316636873685,
      0.24381777528740858
    ],
    [
      0.19493415169914904,
      0.2190593379516215,
      0.24530526405411696,
      0.2987654777724061,
      0.3646461001174401,
      0.4541921602956579,
      1.0,
      0.4566774801756416,
      0.31012391729424876
    ],
    [
      0.16057999304847778,
      0.1773873648590415,
      0.19474569457149518,
      0.2293507433635008,
      0.2641294764843105,
      0.3071316636873685,
      0.4566774801756416,
      1.0,
      0.4566685939815206
    ],
    [
      0.15408473672776082,
      0.16302045476446717,
      0.17294432897799367,
      0.1953700029173,
      0.215089789913822,
      0.24381777528740858,
      0.31012391729424876,
      0.4566685939815206,
      1.0
    ]
  ],
  "spearman_s": [
    [
      1.0,
      0.44384209158332455,
      0.2448994020213882,
      0.11300644984861827,
      0.05972446686191607,
      0.034074891182472096,
      0.015128098163308998,
      0.006112175267402415,
      0.009178227655586919
    ],
    [
      0.44384209158332455,
      1.0,
      0.4592627130532919,
      0.17294734621360813,
      0.08931369336768187,
      0.05394608073032897,
      0.02136628127840698,
      0.015534800398094222,
      0.01076891291057657
    ],
    [
      0.2448994020213882,
      0.4592627130532919,
      1.0,
      0.27928662115542957,
      0.1366035080628928,
      0.08365152356466836,
      0.03516313191729237,
      0.022252170907946858,
      0.013709866791344295
    ],
    [
      0.11300644984861827,
      0.17294734621360813,
      0.27928662115542957,
      1.0,
      0.2988443592097159,
      0.15135838735273155,
      0.06767682169669646,
      0.03402503259302782,
      0.025947820213164247
    ],
    [
      0.05972446686191607,
      0.08931369336768187,
      0.1366035080628928,
      0.2988443592097159,
      1.0,
      0.3219973024871081,
      0.11064854942733172,
      0.05181802892063115,
      0.032649151684443496
    ],
    [
      0.034074891182472096,
      0.05394608073032897,
      0.08365152356466836,
      0.15135838735273155,
      0.3219973024871081,
      1.0,
      0.18207804395536448,
      0.08405389538378209,
      0.04547943184447715
    ],
    [
      0.015128098163308998,
      0.02136628127840698,
      0.03516313191729237,
      0.06767682169669646,
      0.11064854942733172,
      0.18207804395536448,
      1.0,
      0.192116092565129,
      0.08825149562227944
    ],
    [
      0.006112175267402415,
      0.015534800398094222,
      0.022252170907946858,
      0.03402503259302782,
      0.05181802892063115,
      0.08405389538378209,
      0.192116092565129,
      1.0,
      0.1965039543377266
    ],
    [
      0.009178227655586919,
      0.01076891291057657,
      0.013709866791344295,
      0.025947820213164247,
      0.032649151684443496,
      0.04547943184447715,
      0.08825149562227944,
      0.1965039543377266,
      1.0
    ]
  ],
  "surrogate_summary": {
    "pearson_c": {
      "full_shuffle": {
        "mean": 0.0003197609271419848,
        "phi_values": [
          0.0009949820879376287,
          -0.0009143664574671384,
          0.0013217483415642723,
          -0.00024673207758107063,
          0.00024287215692059519,
          5.218539802810904e-05,
          -0.0006128954526024512,
          0.0017202934203359333
        ]
      },
      "A_bin_shuffle": {
        "mean": 0.0029303508124872,
        "phi_values": [
          0.004433838705896391,
          0.005453061356732035,
          0.006544677580120613,
          0.0029715873526583885,
          0.0010073455460110224,
          0.0010694490801325734,
          -8.266940553278729e-05,
          0.0020455162838793617
        ]
      },
      "j_bin_shuffle": {
        "mean": 0.0008563357723455406,
        "phi_values": [
          0.0007906312410146767,
          0.0015944970743466452,
          0.001316847709931423,
          0.0006252008730946495,
          0.002380015124107658,
          0.0007635970070313232,
          0.00046265514863339235,
          -0.0010827579993954433
        ]
      }
    },
    "pearson_s": {
      "full_shuffle": {
        "mean": 8.123549948061136e-05,
        "phi_values": [
          0.0012337016204261254,
          -0.0002568809487418797,
          0.0016280475866197758,
          -0.00212623849165421,
          -0.0017890073413766093,
          0.0006734495911914135,
          0.00036030896879649327,
          0.0009265030105837818
        ]
      },
      "A_bin_shuffle": {
        "mean": 0.016405798086737214,
        "phi_values": [
          0.017995878836381294,
          0.01843386716688333,
          0.016573422160343257,
          0.017862266781977054,
          0.016415185776253824,
          0.0154571033927512,
          0.0119982743132957,
          0.016510386266012044
        ]
      },
      "j_bin_shuffle": {
        "mean": -0.00051490168218566,
        "phi_values": [
          -0.0010095472683034634,
          -0.0007127037459717677,
          0.001120594229109546,
          -0.0012607790969501524,
          2.773686098501124e-05,
          -0.0011805189951014788,
          -0.00047763284528484177,
          -0.0006263625959681325
        ]
      }
    }
  },
  "notes": {
    "processor": "self_contained_new15_random_nonoverlap_processor",
    "boundary_condition_for_increments": "periodic within cube in x/y",
    "current_density_operator": "periodic central differences on B"
  }
}